row_number,precinct,week,year,all_collisions,injury_collisions,fatal_collisions,injures,fatalities,cyclists_involved,pedestrians_involved,label
21,106,1,2012,9,0,0,0,0,0,0,2012-12-31 through 2013-01-06
96,106,26,2012,10,5,0,5,0,0,0,2012-06-25 through 2012-07-01
172,106,27,2012,62,12,0,15,0,2,1,2012-07-02 through 2012-07-08
247,106,28,2012,38,8,0,9,0,0,0,2012-07-09 through 2012-07-15
326,106,29,2012,56,14,0,18,0,0,2,2012-07-16 through 2012-07-22
407,106,30,2012,40,11,0,28,0,0,0,2012-07-23 through 2012-07-29
484,106,31,2012,54,11,0,14,0,0,1,2012-07-30 through 2012-08-05
561,106,32,2012,52,15,0,25,0,1,3,2012-08-06 through 2012-08-12
638,106,33,2012,52,12,0,15,0,0,2,2012-08-13 through 2012-08-19
715,106,34,2012,45,12,0,15,0,0,1,2012-08-20 through 2012-08-26
792,106,35,2012,46,10,0,18,0,2,0,2012-08-27 through 2012-09-02
867,106,36,2012,43,8,0,9,0,1,0,2012-09-03 through 2012-09-09
944,106,37,2012,51,8,0,10,0,1,2,2012-09-10 through 2012-09-16
1021,106,38,2012,43,11,0,13,0,0,0,2012-09-17 through 2012-09-23
1098,106,39,2012,50,16,0,21,0,1,2,2012-09-24 through 2012-09-30
1175,106,40,2012,54,8,0,13,0,1,1,2012-10-01 through 2012-10-07
1254,106,41,2012,46,10,0,19,0,0,1,2012-10-08 through 2012-10-14
1331,106,42,2012,60,16,0,23,0,1,3,2012-10-15 through 2012-10-21
1412,106,43,2012,29,4,0,4,0,0,1,2012-10-22 through 2012-10-28
1489,106,44,2012,38,9,0,12,0,0,0,2012-10-29 through 2012-11-04
1566,106,45,2012,72,19,0,22,0,1,3,2012-11-05 through 2012-11-11
1643,106,46,2012,62,9,0,13,0,0,4,2012-11-12 through 2012-11-18
1720,106,47,2012,57,15,1,23,1,0,4,2012-11-19 through 2012-11-25
1797,106,48,2012,37,8,0,13,0,0,2,2012-11-26 through 2012-12-02
1874,106,49,2012,67,14,0,26,0,0,0,2012-12-03 through 2012-12-09
1955,106,50,2012,50,17,0,26,0,0,3,2012-12-10 through 2012-12-16
2032,106,51,2012,58,13,0,18,0,0,2,2012-12-17 through 2012-12-23
2109,106,52,2012,44,10,0,11,0,1,3,2012-12-24 through 2012-12-30
2192,106,1,2013,33,6,0,9,0,0,3,2012-12-31 through 2013-01-06
2196,106,1,2013,13,3,0,4,0,0,1,2013-12-30 through 2014-01-05
2324,106,10,2013,60,13,0,20,0,1,2,2013-03-04 through 2013-03-10
2399,106,11,2013,37,11,0,14,0,1,1,2013-03-11 through 2013-03-17
2478,106,12,2013,44,7,0,8,0,0,2,2013-03-18 through 2013-03-24
2557,106,13,2013,57,20,1,38,1,1,2,2013-03-25 through 2013-03-31
2634,106,14,2013,52,12,0,16,0,0,1,2013-04-01 through 2013-04-07
2709,106,15,2013,50,8,0,11,0,0,2,2013-04-08 through 2013-04-14
2786,106,16,2013,45,13,0,16,0,0,3,2013-04-15 through 2013-04-21
2863,106,17,2013,51,13,0,19,0,1,2,2013-04-22 through 2013-04-28
2942,106,18,2013,48,8,0,9,0,0,1,2013-04-29 through 2013-05-05
3019,106,19,2013,52,16,0,26,0,0,3,2013-05-06 through 2013-05-12
3096,106,2,2013,40,10,0,14,0,0,0,2013-01-07 through 2013-01-13
3177,106,20,2013,50,6,0,9,0,0,0,2013-05-13 through 2013-05-19
3252,106,21,2013,51,11,0,15,0,0,3,2013-05-20 through 2013-05-26
3327,106,22,2013,45,13,0,16,0,1,0,2013-05-27 through 2013-06-02
3406,106,23,2013,44,12,0,18,0,0,5,2013-06-03 through 2013-06-09
3479,106,24,2013,50,11,0,21,0,1,1,2013-06-10 through 2013-06-16
3560,106,25,2013,57,15,0,18,0,0,4,2013-06-17 through 2013-06-23
3637,106,26,2013,56,12,0,18,0,0,3,2013-06-24 through 2013-06-30
3716,106,27,2013,56,6,0,10,0,0,1,2013-07-01 through 2013-07-07
3793,106,28,2013,58,13,0,30,0,0,1,2013-07-08 through 2013-07-14
3870,106,29,2013,52,15,0,28,0,0,0,2013-07-15 through 2013-07-21
3975,106,3,2013,64,17,1,24,1,1,3,2013-01-14 through 2013-01-20
4036,106,30,2013,53,13,0,19,0,0,1,2013-07-22 through 2013-07-28
4109,106,31,2013,58,11,0,11,0,0,1,2013-07-29 through 2013-08-04
4186,106,32,2013,47,3,0,4,0,0,0,2013-08-05 through 2013-08-11
4263,106,33,2013,49,7,1,19,1,1,0,2013-08-12 through 2013-08-18
4340,106,34,2013,51,15,0,26,0,2,2,2013-08-19 through 2013-08-25
4421,106,35,2013,46,11,0,18,0,0,2,2013-08-26 through 2013-09-01
4496,106,36,2013,55,19,0,31,0,0,1,2013-09-02 through 2013-09-08
4590,106,37,2013,50,11,0,13,0,1,2,2013-09-09 through 2013-09-15
4648,106,38,2013,54,14,0,21,0,1,2,2013-09-16 through 2013-09-22
4763,106,39,2013,54,15,0,23,0,3,1,2013-09-23 through 2013-09-29
4798,106,4,2013,59,14,0,17,0,2,3,2013-01-21 through 2013-01-27
4879,106,40,2013,62,10,0,18,0,0,2,2013-09-30 through 2013-10-06
4966,106,41,2013,53,13,0,23,0,1,2,2013-10-07 through 2013-10-13
5043,106,42,2013,61,15,0,26,0,2,5,2013-10-14 through 2013-10-20
5124,106,43,2013,55,17,0,30,0,1,2,2013-10-21 through 2013-10-27
5197,106,44,2013,50,9,0,13,0,1,1,2013-10-28 through 2013-11-03
5272,106,45,2013,60,11,0,23,0,0,3,2013-11-04 through 2013-11-10
5352,106,46,2013,59,12,0,16,0,1,2,2013-11-11 through 2013-11-17
5429,106,47,2013,48,7,0,12,0,0,2,2013-11-18 through 2013-11-24
5523,106,48,2013,56,19,1,28,1,0,5,2013-11-25 through 2013-12-01
5583,106,49,2013,49,13,0,18,0,0,4,2013-12-02 through 2013-12-08
5659,106,5,2013,46,8,0,12,0,0,4,2013-01-28 through 2013-02-03
5737,106,50,2013,63,16,0,21,0,0,5,2013-12-09 through 2013-12-15
5817,106,51,2013,42,12,0,19,0,0,3,2013-12-16 through 2013-12-22
5892,106,52,2013,40,10,0,12,0,0,2,2013-12-23 through 2013-12-29
5967,106,6,2013,45,13,0,20,0,0,5,2013-02-04 through 2013-02-10
6016,106,7,2013,39,8,0,10,0,0,2,2013-02-11 through 2013-02-17
6119,106,8,2013,27,8,0,9,0,0,2,2013-02-18 through 2013-02-24
6198,106,9,2013,53,14,0,17,0,0,0,2013-02-25 through 2013-03-03
6299,106,1,2014,34,2,0,2,0,0,0,2013-12-30 through 2014-01-05
6300,106,1,2014,18,0,0,0,0,0,0,2014-12-29 through 2015-01-04
6422,106,10,2014,47,10,0,13,0,0,1,2014-03-03 through 2014-03-09
6496,106,11,2014,68,18,0,30,0,0,3,2014-03-10 through 2014-03-16
6572,106,12,2014,52,20,0,32,0,0,5,2014-03-17 through 2014-03-23
6651,106,13,2014,53,12,0,17,0,0,0,2014-03-24 through 2014-03-30
6727,106,14,2014,52,11,0,15,0,1,1,2014-03-31 through 2014-04-06
6801,106,15,2014,48,10,0,13,0,1,3,2014-04-07 through 2014-04-13
6881,106,16,2014,44,9,0,18,0,0,0,2014-04-14 through 2014-04-20
6962,106,17,2014,49,11,0,18,0,0,2,2014-04-21 through 2014-04-27
7032,106,18,2014,47,11,0,15,0,1,1,2014-04-28 through 2014-05-04
7109,106,19,2014,49,15,0,24,0,0,1,2014-05-05 through 2014-05-11
7187,106,2,2014,58,15,0,20,0,1,5,2014-01-06 through 2014-01-12
7265,106,20,2014,53,12,0,16,0,0,2,2014-05-12 through 2014-05-18
7341,106,21,2014,70,21,0,30,0,1,3,2014-05-19 through 2014-05-25
7414,106,22,2014,42,19,0,31,0,2,4,2014-05-26 through 2014-06-01
7494,106,23,2014,60,11,1,15,1,1,2,2014-06-02 through 2014-06-08
7570,106,24,2014,54,15,0,19,0,0,2,2014-06-09 through 2014-06-15
7648,106,25,2014,61,11,0,15,0,1,2,2014-06-16 through 2014-06-22
7732,106,26,2014,61,15,0,24,0,0,1,2014-06-23 through 2014-06-29
7804,106,27,2014,57,13,0,15,0,1,0,2014-06-30 through 2014-07-06
7886,106,28,2014,69,17,0,22,0,0,5,2014-07-07 through 2014-07-13
7961,106,29,2014,58,15,0,21,0,2,1,2014-07-14 through 2014-07-20
8012,106,3,2014,49,12,0,13,0,0,5,2014-01-13 through 2014-01-19
8105,106,30,2014,44,10,0,16,0,1,5,2014-07-21 through 2014-07-27
8175,106,31,2014,59,11,0,25,0,0,1,2014-07-28 through 2014-08-03
8262,106,32,2014,66,23,0,32,0,2,2,2014-08-04 through 2014-08-10
8344,106,33,2014,41,5,0,8,0,1,0,2014-08-11 through 2014-08-17
8393,106,34,2014,41,11,0,13,0,1,4,2014-08-18 through 2014-08-24
8485,106,35,2014,55,14,0,23,0,1,1,2014-08-25 through 2014-08-31
8603,106,36,2014,49,9,0,15,0,0,0,2014-09-01 through 2014-09-07
8655,106,37,2014,77,16,0,20,0,3,7,2014-09-08 through 2014-09-14
8719,106,38,2014,62,11,0,11,0,0,4,2014-09-15 through 2014-09-21
8839,106,39,2014,56,9,0,15,0,2,2,2014-09-22 through 2014-09-28
8859,106,4,2014,58,6,0,11,0,0,0,2014-01-20 through 2014-01-26
8953,106,40,2014,45,9,0,11,0,0,1,2014-09-29 through 2014-10-05
9008,106,41,2014,61,18,0,29,0,0,1,2014-10-06 through 2014-10-12
9141,106,42,2014,49,14,0,22,0,0,1,2014-10-13 through 2014-10-19
9193,106,43,2014,71,20,0,24,0,0,3,2014-10-20 through 2014-10-26
9264,106,44,2014,51,16,0,25,0,0,4,2014-10-27 through 2014-11-02
9383,106,45,2014,52,13,0,20,0,1,2,2014-11-03 through 2014-11-09
9436,106,46,2014,65,18,0,26,0,0,8,2014-11-10 through 2014-11-16
9495,106,47,2014,67,16,0,20,0,0,4,2014-11-17 through 2014-11-23
9606,106,48,2014,64,18,0,21,0,1,6,2014-11-24 through 2014-11-30
9671,106,49,2014,63,12,0,20,0,0,5,2014-12-01 through 2014-12-07
9741,106,5,2014,41,14,0,18,0,0,5,2014-01-27 through 2014-02-02
9786,106,50,2014,44,7,0,8,0,0,3,2014-12-08 through 2014-12-14
9904,106,51,2014,50,7,0,10,0,0,1,2014-12-15 through 2014-12-21
9962,106,52,2014,57,9,0,27,0,0,0,2014-12-22 through 2014-12-28
10032,106,6,2014,61,7,0,9,0,0,2,2014-02-03 through 2014-02-09
10084,106,7,2014,60,8,0,13,0,0,0,2014-02-10 through 2014-02-16
10207,106,8,2014,43,8,0,10,0,0,1,2014-02-17 through 2014-02-23
10269,106,9,2014,53,16,0,25,0,0,2,2014-02-24 through 2014-03-02
10333,106,1,2015,24,6,0,7,0,0,4,2014-12-29 through 2015-01-04
10412,106,10,2015,73,9,0,11,0,1,2,2015-03-02 through 2015-03-08
10488,106,11,2015,64,14,0,21,0,0,3,2015-03-09 through 2015-03-15
10565,106,12,2015,48,6,0,8,0,0,1,2015-03-16 through 2015-03-22
10647,106,13,2015,64,10,0,18,0,0,2,2015-03-23 through 2015-03-29
10720,106,14,2015,47,13,0,23,0,1,2,2015-03-30 through 2015-04-05
10798,106,15,2015,43,12,0,15,0,0,1,2015-04-06 through 2015-04-12
10873,106,16,2015,13,2,0,4,0,0,0,2015-04-13 through 2015-04-19
10955,106,2,2015,68,11,0,13,0,0,2,2015-01-05 through 2015-01-11
11040,106,3,2015,67,12,0,22,0,0,2,2015-01-12 through 2015-01-18
11114,106,4,2015,57,13,0,14,0,0,1,2015-01-19 through 2015-01-25
11196,106,5,2015,52,12,0,14,0,0,2,2015-01-26 through 2015-02-01
11293,106,6,2015,54,11,0,17,0,0,1,2015-02-02 through 2015-02-08
11387,106,7,2015,54,9,0,14,0,0,1,2015-02-09 through 2015-02-15
11450,106,8,2015,53,9,0,11,0,0,0,2015-02-16 through 2015-02-22
11517,106,9,2015,46,12,0,17,0,0,1,2015-02-23 through 2015-03-01
