row_number,precinct,week,year,all_collisions,injury_collisions,fatal_collisions,injures,fatalities,cyclists_involved,pedestrians_involved,label
24,83,1,2012,3,0,0,0,0,0,0,2012-12-31 through 2013-01-06
87,83,26,2012,5,2,0,2,0,0,2,2012-06-25 through 2012-07-01
163,83,27,2012,25,6,1,9,1,2,1,2012-07-02 through 2012-07-08
264,83,28,2012,35,14,0,20,0,3,3,2012-07-09 through 2012-07-15
321,83,29,2012,18,5,0,6,0,0,2,2012-07-16 through 2012-07-22
394,83,30,2012,31,8,0,8,0,1,1,2012-07-23 through 2012-07-29
477,83,31,2012,35,9,0,19,0,0,5,2012-07-30 through 2012-08-05
554,83,32,2012,39,13,0,17,0,3,4,2012-08-06 through 2012-08-12
627,83,33,2012,38,14,0,15,0,1,8,2012-08-13 through 2012-08-19
720,83,34,2012,32,11,0,13,0,4,2,2012-08-20 through 2012-08-26
807,83,35,2012,40,10,0,13,0,0,3,2012-08-27 through 2012-09-02
878,83,36,2012,24,7,0,8,0,0,3,2012-09-03 through 2012-09-09
943,83,37,2012,37,11,0,15,0,2,4,2012-09-10 through 2012-09-16
1006,83,38,2012,28,6,0,9,0,0,4,2012-09-17 through 2012-09-23
1111,83,39,2012,50,17,0,22,0,2,6,2012-09-24 through 2012-09-30
1188,83,40,2012,29,5,0,6,0,1,2,2012-10-01 through 2012-10-07
1255,83,41,2012,31,10,0,14,0,1,4,2012-10-08 through 2012-10-14
1314,83,42,2012,33,7,0,11,0,0,1,2012-10-15 through 2012-10-21
1431,83,43,2012,33,8,0,16,0,0,1,2012-10-22 through 2012-10-28
1466,83,44,2012,17,4,0,6,0,3,2,2012-10-29 through 2012-11-04
1557,83,45,2012,34,6,0,7,0,1,1,2012-11-05 through 2012-11-11
1618,83,46,2012,23,6,0,6,0,1,4,2012-11-12 through 2012-11-18
1699,83,47,2012,28,6,0,9,0,2,0,2012-11-19 through 2012-11-25
1836,83,48,2012,33,7,0,13,0,0,1,2012-11-26 through 2012-12-02
1885,83,49,2012,37,11,0,12,0,0,6,2012-12-03 through 2012-12-09
1950,83,50,2012,28,13,0,17,0,2,1,2012-12-10 through 2012-12-16
2031,83,51,2012,33,9,0,14,0,1,5,2012-12-17 through 2012-12-23
2144,83,52,2012,32,7,0,10,0,0,3,2012-12-24 through 2012-12-30
2203,83,1,2013,9,2,0,4,0,0,3,2013-12-30 through 2014-01-05
2223,83,1,2013,18,3,0,3,0,1,1,2012-12-31 through 2013-01-06
2341,83,10,2013,37,8,0,12,0,0,2,2013-03-04 through 2013-03-10
2422,83,11,2013,36,11,0,11,0,1,2,2013-03-11 through 2013-03-17
2489,83,12,2013,34,10,0,15,0,1,2,2013-03-18 through 2013-03-24
2572,83,13,2013,30,9,0,14,0,1,1,2013-03-25 through 2013-03-31
2651,83,14,2013,39,4,0,4,0,0,3,2013-04-01 through 2013-04-07
2746,83,15,2013,32,12,0,19,0,3,3,2013-04-08 through 2013-04-14
2803,83,16,2013,40,7,0,8,0,0,3,2013-04-15 through 2013-04-21
2866,83,17,2013,35,8,0,14,0,1,2,2013-04-22 through 2013-04-28
2937,83,18,2013,41,11,0,15,0,1,4,2013-04-29 through 2013-05-05
3008,83,19,2013,50,10,0,12,0,1,2,2013-05-06 through 2013-05-12
3131,83,2,2013,27,7,0,14,0,1,1,2013-01-07 through 2013-01-13
3206,83,20,2013,42,11,0,12,0,3,1,2013-05-13 through 2013-05-19
3237,83,21,2013,39,9,0,13,0,0,5,2013-05-20 through 2013-05-26
3352,83,22,2013,42,12,0,17,0,3,2,2013-05-27 through 2013-06-02
3401,83,23,2013,36,8,0,11,0,2,4,2013-06-03 through 2013-06-09
3512,83,24,2013,39,14,0,18,0,2,1,2013-06-10 through 2013-06-16
3569,83,25,2013,44,15,0,19,0,3,3,2013-06-17 through 2013-06-23
3624,83,26,2013,42,6,0,9,0,1,1,2013-06-24 through 2013-06-30
3731,83,27,2013,46,16,0,23,0,2,6,2013-07-01 through 2013-07-07
3822,83,28,2013,26,7,0,12,0,0,4,2013-07-08 through 2013-07-14
3877,83,29,2013,29,10,0,10,0,3,4,2013-07-15 through 2013-07-21
3932,83,3,2013,32,4,0,6,0,1,0,2013-01-14 through 2013-01-20
4029,83,30,2013,28,7,0,15,0,1,2,2013-07-22 through 2013-07-28
4098,83,31,2013,32,11,0,13,0,4,1,2013-07-29 through 2013-08-04
4193,83,32,2013,28,8,0,9,0,1,3,2013-08-05 through 2013-08-11
4260,83,33,2013,41,16,0,16,0,3,4,2013-08-12 through 2013-08-18
4335,83,34,2013,44,13,0,14,0,3,7,2013-08-19 through 2013-08-25
4422,83,35,2013,42,6,0,7,0,2,0,2013-08-26 through 2013-09-01
4471,83,36,2013,26,6,0,6,0,2,2,2013-09-02 through 2013-09-08
4542,83,37,2013,41,12,0,14,0,4,2,2013-09-09 through 2013-09-15
4659,83,38,2013,29,6,0,7,0,2,2,2013-09-16 through 2013-09-22
4734,83,39,2013,39,14,0,20,0,5,5,2013-09-23 through 2013-09-29
4791,83,4,2013,29,10,0,17,0,1,3,2013-01-21 through 2013-01-27
4848,83,40,2013,32,9,0,11,0,0,5,2013-09-30 through 2013-10-06
4933,83,41,2013,43,10,0,12,0,1,2,2013-10-07 through 2013-10-13
5010,83,42,2013,39,5,0,5,0,0,2,2013-10-14 through 2013-10-20
5085,83,43,2013,35,12,0,16,0,2,2,2013-10-21 through 2013-10-27
5186,83,44,2013,36,8,0,15,0,0,1,2013-10-28 through 2013-11-03
5233,83,45,2013,31,5,0,8,0,0,0,2013-11-04 through 2013-11-10
5320,83,46,2013,37,12,0,12,0,2,5,2013-11-11 through 2013-11-17
5417,83,47,2013,38,10,0,14,0,2,1,2013-11-18 through 2013-11-24
5468,83,48,2013,32,6,0,8,0,1,1,2013-11-25 through 2013-12-01
5545,83,49,2013,39,15,0,21,0,1,5,2013-12-02 through 2013-12-08
5624,83,5,2013,30,10,1,10,1,3,3,2013-01-28 through 2013-02-03
5715,83,50,2013,30,3,0,3,0,0,1,2013-12-09 through 2013-12-15
5780,83,51,2013,47,10,0,10,0,0,4,2013-12-16 through 2013-12-22
5885,83,52,2013,30,8,0,10,0,1,3,2013-12-23 through 2013-12-29
5942,83,6,2013,36,5,0,5,0,1,1,2013-02-04 through 2013-02-10
6033,83,7,2013,42,6,0,23,0,0,2,2013-02-11 through 2013-02-17
6108,83,8,2013,26,9,0,12,0,0,2,2013-02-18 through 2013-02-24
6157,83,9,2013,37,11,0,13,0,0,4,2013-02-25 through 2013-03-03
6246,83,1,2014,9,1,0,3,0,0,0,2014-12-29 through 2015-01-04
6294,83,1,2014,19,1,0,1,0,0,0,2013-12-30 through 2014-01-05
6416,83,10,2014,28,7,0,13,0,0,1,2014-03-03 through 2014-03-09
6469,83,11,2014,36,5,0,6,0,2,1,2014-03-10 through 2014-03-16
6546,83,12,2014,34,7,0,8,0,2,0,2014-03-17 through 2014-03-23
6629,83,13,2014,28,6,0,7,0,1,1,2014-03-24 through 2014-03-30
6698,83,14,2014,35,5,0,6,0,0,2,2014-03-31 through 2014-04-06
6787,83,15,2014,31,4,0,5,0,0,1,2014-04-07 through 2014-04-13
6872,83,16,2014,33,11,1,11,1,1,6,2014-04-14 through 2014-04-20
6941,83,17,2014,40,12,0,14,0,3,4,2014-04-21 through 2014-04-27
7006,83,18,2014,38,4,0,5,0,0,2,2014-04-28 through 2014-05-04
7079,83,19,2014,38,10,0,13,0,2,3,2014-05-05 through 2014-05-11
7166,83,2,2014,32,9,0,11,0,1,2,2014-01-06 through 2014-01-12
7235,83,20,2014,44,12,0,16,0,1,2,2014-05-12 through 2014-05-18
7322,83,21,2014,30,11,0,17,0,2,4,2014-05-19 through 2014-05-25
7397,83,22,2014,38,11,0,14,0,1,5,2014-05-26 through 2014-06-01
7472,83,23,2014,43,9,0,9,0,3,3,2014-06-02 through 2014-06-08
7551,83,24,2014,34,8,0,11,0,2,4,2014-06-09 through 2014-06-15
7630,83,25,2014,25,11,0,12,0,3,3,2014-06-16 through 2014-06-22
7697,83,26,2014,28,9,0,21,0,1,2,2014-06-23 through 2014-06-29
7780,83,27,2014,23,7,0,7,0,3,0,2014-06-30 through 2014-07-06
7859,83,28,2014,34,6,0,7,0,2,2,2014-07-07 through 2014-07-13
7934,83,29,2014,41,15,0,22,0,2,3,2014-07-14 through 2014-07-20
8009,83,3,2014,23,5,0,6,0,0,2,2014-01-13 through 2014-01-19
8080,83,30,2014,34,9,0,13,0,3,2,2014-07-21 through 2014-07-27
8165,83,31,2014,39,10,0,11,0,5,1,2014-07-28 through 2014-08-03
8244,83,32,2014,47,12,0,14,0,7,2,2014-08-04 through 2014-08-10
8311,83,33,2014,35,7,0,8,0,5,2,2014-08-11 through 2014-08-17
8433,83,34,2014,51,12,0,12,0,3,3,2014-08-18 through 2014-08-24
8500,83,35,2014,33,8,0,10,0,2,0,2014-08-25 through 2014-08-31
8574,83,36,2014,47,14,0,17,0,3,3,2014-09-01 through 2014-09-07
8647,83,37,2014,32,5,0,5,0,3,1,2014-09-08 through 2014-09-14
8741,83,38,2014,34,7,0,8,0,1,0,2014-09-15 through 2014-09-21
8828,83,39,2014,36,10,0,12,0,1,3,2014-09-22 through 2014-09-28
8902,83,4,2014,43,5,0,9,0,1,1,2014-01-20 through 2014-01-26
8989,83,40,2014,37,4,0,6,0,0,3,2014-09-29 through 2014-10-05
9073,83,41,2014,39,11,0,13,0,3,2,2014-10-06 through 2014-10-12
9152,83,42,2014,30,7,0,9,0,1,3,2014-10-13 through 2014-10-19
9228,83,43,2014,29,7,0,10,0,0,1,2014-10-20 through 2014-10-26
9242,83,44,2014,47,8,1,8,1,1,2,2014-10-27 through 2014-11-02
9314,83,45,2014,31,14,0,15,0,3,2,2014-11-03 through 2014-11-09
9404,83,46,2014,32,7,0,9,0,2,1,2014-11-10 through 2014-11-16
9480,83,47,2014,32,13,0,20,0,1,4,2014-11-17 through 2014-11-23
9562,83,48,2014,29,4,0,5,0,0,1,2014-11-24 through 2014-11-30
9623,83,49,2014,36,7,0,10,0,0,3,2014-12-01 through 2014-12-07
9720,83,5,2014,41,6,0,10,0,0,4,2014-01-27 through 2014-02-02
9805,83,50,2014,33,10,0,12,0,1,4,2014-12-08 through 2014-12-14
9919,83,51,2014,32,7,0,14,0,0,1,2014-12-15 through 2014-12-21
9995,83,52,2014,27,9,0,15,0,1,2,2014-12-22 through 2014-12-28
10005,83,6,2014,36,6,0,7,0,0,1,2014-02-03 through 2014-02-09
10115,83,7,2014,30,2,0,4,0,0,0,2014-02-10 through 2014-02-16
10186,83,8,2014,24,4,0,5,0,0,1,2014-02-17 through 2014-02-23
10274,83,9,2014,32,8,0,9,0,0,3,2014-02-24 through 2014-03-02
10351,83,1,2015,19,2,0,2,0,0,0,2014-12-29 through 2015-01-04
10433,83,10,2015,34,7,0,9,0,0,2,2015-03-02 through 2015-03-08
10505,83,11,2015,46,9,0,14,0,1,3,2015-03-09 through 2015-03-15
10588,83,12,2015,36,9,0,11,0,0,2,2015-03-16 through 2015-03-22
10673,83,13,2015,40,7,0,7,0,0,3,2015-03-23 through 2015-03-29
10747,83,14,2015,29,9,0,12,0,2,1,2015-03-30 through 2015-04-05
10835,83,15,2015,31,9,0,10,0,1,3,2015-04-06 through 2015-04-12
10915,83,16,2015,9,2,0,3,0,0,0,2015-04-13 through 2015-04-19
10996,83,2,2015,36,5,0,9,0,1,2,2015-01-05 through 2015-01-11
11035,83,3,2015,18,8,0,8,0,0,3,2015-01-12 through 2015-01-18
11127,83,4,2015,30,6,0,8,0,1,2,2015-01-19 through 2015-01-25
11182,83,5,2015,28,4,0,5,0,0,0,2015-01-26 through 2015-02-01
11263,83,6,2015,41,4,0,5,0,0,1,2015-02-02 through 2015-02-08
11344,83,7,2015,39,4,0,4,0,1,1,2015-02-09 through 2015-02-15
11418,83,8,2015,27,1,0,1,0,0,1,2015-02-16 through 2015-02-22
11496,83,9,2015,18,1,0,1,0,0,0,2015-02-23 through 2015-03-01
