row_number,precinct,week,year,all_collisions,injury_collisions,fatal_collisions,injures,fatalities,cyclists_involved,pedestrians_involved,label
63,43,1,2012,7,2,0,2,0,0,1,2012-12-31 through 2013-01-06
130,43,26,2012,3,1,0,1,0,1,0,2012-06-25 through 2012-07-01
206,43,27,2012,45,14,0,19,0,0,1,2012-07-02 through 2012-07-08
279,43,28,2012,46,10,0,15,0,3,2,2012-07-09 through 2012-07-15
356,43,29,2012,30,6,0,10,0,1,1,2012-07-16 through 2012-07-22
437,43,30,2012,39,9,0,12,0,0,0,2012-07-23 through 2012-07-29
514,43,31,2012,34,6,0,7,0,0,2,2012-07-30 through 2012-08-05
591,43,32,2012,41,13,0,13,0,1,6,2012-08-06 through 2012-08-12
668,43,33,2012,30,8,0,12,0,2,1,2012-08-13 through 2012-08-19
745,43,34,2012,23,3,0,3,0,0,2,2012-08-20 through 2012-08-26
822,43,35,2012,31,7,0,9,0,1,0,2012-08-27 through 2012-09-02
899,43,36,2012,38,4,0,10,0,0,1,2012-09-03 through 2012-09-09
974,43,37,2012,33,9,0,10,0,2,2,2012-09-10 through 2012-09-16
1053,43,38,2012,42,10,0,10,0,1,3,2012-09-17 through 2012-09-23
1130,43,39,2012,36,4,0,4,0,1,1,2012-09-24 through 2012-09-30
1170,43,40,2012,37,12,0,20,0,0,3,2012-10-01 through 2012-10-07
1263,43,41,2012,19,3,0,5,0,0,2,2012-10-08 through 2012-10-14
1348,43,42,2012,33,7,0,7,0,1,5,2012-10-15 through 2012-10-21
1425,43,43,2012,39,12,0,19,0,0,2,2012-10-22 through 2012-10-28
1494,43,44,2012,30,8,0,10,0,0,1,2012-10-29 through 2012-11-04
1561,43,45,2012,37,7,0,10,0,0,1,2012-11-05 through 2012-11-11
1640,43,46,2012,30,11,0,18,0,0,4,2012-11-12 through 2012-11-18
1739,43,47,2012,38,9,0,16,0,0,2,2012-11-19 through 2012-11-25
1806,43,48,2012,33,6,0,9,0,0,4,2012-11-26 through 2012-12-02
1893,43,49,2012,29,6,0,10,0,0,4,2012-12-03 through 2012-12-09
1968,43,50,2012,35,12,0,19,0,1,6,2012-12-10 through 2012-12-16
2013,43,51,2012,37,6,0,13,0,0,1,2012-12-17 through 2012-12-23
2098,43,52,2012,28,9,1,17,1,0,6,2012-12-24 through 2012-12-30
2266,43,1,2013,23,7,0,15,0,2,2,2012-12-31 through 2013-01-06
2268,43,1,2013,22,6,0,11,0,1,1,2013-12-30 through 2014-01-05
2364,43,10,2013,41,7,0,8,0,0,3,2013-03-04 through 2013-03-10
2443,43,11,2013,28,3,1,4,1,0,1,2013-03-11 through 2013-03-17
2518,43,12,2013,38,6,0,6,0,0,0,2013-03-18 through 2013-03-24
2597,43,13,2013,27,12,0,14,0,3,3,2013-03-25 through 2013-03-31
2674,43,14,2013,37,10,0,17,0,0,1,2013-04-01 through 2013-04-07
2751,43,15,2013,40,9,0,15,0,1,1,2013-04-08 through 2013-04-14
2828,43,16,2013,39,12,0,17,0,1,4,2013-04-15 through 2013-04-21
2901,43,17,2013,44,17,0,21,0,2,2,2013-04-22 through 2013-04-28
2980,43,18,2013,42,10,0,14,0,0,3,2013-04-29 through 2013-05-05
3059,43,19,2013,46,11,0,18,0,1,1,2013-05-06 through 2013-05-12
3134,43,2,2013,33,9,0,15,0,0,3,2013-01-07 through 2013-01-13
3214,43,20,2013,41,19,1,26,1,2,6,2013-05-13 through 2013-05-19
3291,43,21,2013,37,9,0,9,0,0,5,2013-05-20 through 2013-05-26
3368,43,22,2013,34,5,0,6,0,1,2,2013-05-27 through 2013-06-02
3446,43,23,2013,46,12,0,24,0,3,6,2013-06-03 through 2013-06-09
3521,43,24,2013,47,12,0,15,0,0,3,2013-06-10 through 2013-06-16
3599,43,25,2013,48,10,0,14,0,1,1,2013-06-17 through 2013-06-23
3673,43,26,2013,55,13,0,25,0,2,3,2013-06-24 through 2013-06-30
3750,43,27,2013,43,14,0,18,0,1,5,2013-07-01 through 2013-07-07
3827,43,28,2013,44,7,0,11,0,0,3,2013-07-08 through 2013-07-14
3905,43,29,2013,38,9,0,19,0,0,1,2013-07-15 through 2013-07-21
3981,43,3,2013,26,9,0,10,0,1,5,2013-01-14 through 2013-01-20
4061,43,30,2013,25,5,0,8,0,0,1,2013-07-22 through 2013-07-28
4134,43,31,2013,37,8,0,9,0,0,2,2013-07-29 through 2013-08-04
4210,43,32,2013,31,5,0,7,0,0,3,2013-08-05 through 2013-08-11
4271,43,33,2013,41,8,0,9,0,2,2,2013-08-12 through 2013-08-18
4367,43,34,2013,37,8,0,10,0,2,3,2013-08-19 through 2013-08-25
4446,43,35,2013,37,8,1,12,1,0,6,2013-08-26 through 2013-09-01
4484,43,36,2013,40,13,0,15,0,2,3,2013-09-02 through 2013-09-08
4595,43,37,2013,41,8,0,11,0,1,1,2013-09-09 through 2013-09-15
4672,43,38,2013,43,13,0,16,0,1,5,2013-09-16 through 2013-09-22
4747,43,39,2013,52,11,0,11,0,3,4,2013-09-23 through 2013-09-29
4812,43,4,2013,38,10,0,14,0,0,7,2013-01-21 through 2013-01-27
4887,43,40,2013,43,9,0,16,0,1,0,2013-09-30 through 2013-10-06
4976,43,41,2013,27,9,0,12,0,0,3,2013-10-07 through 2013-10-13
5052,43,42,2013,31,9,0,12,0,2,3,2013-10-14 through 2013-10-20
5133,43,43,2013,33,5,0,11,0,0,1,2013-10-21 through 2013-10-27
5208,43,44,2013,33,11,0,15,0,0,4,2013-10-28 through 2013-11-03
5283,43,45,2013,40,8,0,8,0,1,2,2013-11-04 through 2013-11-10
5364,43,46,2013,45,14,0,21,0,0,6,2013-11-11 through 2013-11-17
5446,43,47,2013,39,11,0,15,0,0,5,2013-11-18 through 2013-11-24
5525,43,48,2013,34,8,0,9,0,0,3,2013-11-25 through 2013-12-01
5598,43,49,2013,35,6,0,7,0,0,4,2013-12-02 through 2013-12-08
5684,43,5,2013,30,8,0,9,0,0,2,2013-01-28 through 2013-02-03
5760,43,50,2013,38,6,0,9,0,0,3,2013-12-09 through 2013-12-15
5842,43,51,2013,42,14,0,15,0,0,12,2013-12-16 through 2013-12-22
5922,43,52,2013,41,9,0,10,0,1,5,2013-12-23 through 2013-12-29
6000,43,6,2013,39,9,0,13,0,0,2,2013-02-04 through 2013-02-10
6060,43,7,2013,43,2,0,2,0,0,1,2013-02-11 through 2013-02-17
6089,43,8,2013,32,6,0,9,0,1,1,2013-02-18 through 2013-02-24
6190,43,9,2013,37,12,0,15,0,0,8,2013-02-25 through 2013-03-03
6311,43,1,2014,14,2,0,2,0,1,1,2014-12-29 through 2015-01-04
6341,43,1,2014,25,4,0,4,0,0,0,2013-12-30 through 2014-01-05
6441,43,10,2014,41,5,0,5,0,0,1,2014-03-03 through 2014-03-09
6482,43,11,2014,38,3,0,8,0,0,0,2014-03-10 through 2014-03-16
6594,43,12,2014,34,10,0,12,0,0,6,2014-03-17 through 2014-03-23
6686,43,13,2014,45,9,0,14,0,1,3,2014-03-24 through 2014-03-30
6750,43,14,2014,37,7,1,10,1,0,5,2014-03-31 through 2014-04-06
6832,43,15,2014,32,12,0,16,0,3,6,2014-04-07 through 2014-04-13
6901,43,16,2014,37,9,0,12,0,0,5,2014-04-14 through 2014-04-20
6926,43,17,2014,31,6,0,7,0,0,3,2014-04-21 through 2014-04-27
7041,43,18,2014,44,8,0,14,0,1,1,2014-04-28 through 2014-05-04
7120,43,19,2014,32,4,0,6,0,0,0,2014-05-05 through 2014-05-11
7200,43,2,2014,35,11,0,18,0,0,4,2014-01-06 through 2014-01-12
7263,43,20,2014,38,8,0,12,0,2,2,2014-05-12 through 2014-05-18
7358,43,21,2014,37,10,0,13,0,3,2,2014-05-19 through 2014-05-25
7446,43,22,2014,41,11,0,15,0,0,5,2014-05-26 through 2014-06-01
7492,43,23,2014,29,4,0,4,0,2,0,2014-06-02 through 2014-06-08
7568,43,24,2014,44,9,0,23,0,1,3,2014-06-09 through 2014-06-15
7639,43,25,2014,40,15,0,20,0,0,5,2014-06-16 through 2014-06-22
7714,43,26,2014,37,13,0,15,0,2,7,2014-06-23 through 2014-06-29
7821,43,27,2014,37,10,0,11,0,1,4,2014-06-30 through 2014-07-06
7921,43,28,2014,37,7,0,7,0,2,2,2014-07-07 through 2014-07-13
7991,43,29,2014,36,8,0,11,0,1,3,2014-07-14 through 2014-07-20
8050,43,3,2014,40,7,0,8,0,1,4,2014-01-13 through 2014-01-19
8081,43,30,2014,37,5,0,6,0,0,1,2014-07-21 through 2014-07-27
8177,43,31,2014,50,7,0,9,0,1,0,2014-07-28 through 2014-08-03
8279,43,32,2014,36,5,0,7,0,0,0,2014-08-04 through 2014-08-10
8355,43,33,2014,24,5,0,6,0,2,1,2014-08-11 through 2014-08-17
8416,43,34,2014,35,5,0,7,0,2,0,2014-08-18 through 2014-08-24
8493,43,35,2014,25,4,0,8,0,0,0,2014-08-25 through 2014-08-31
8565,43,36,2014,43,9,1,11,1,2,3,2014-09-01 through 2014-09-07
8637,43,37,2014,30,6,1,13,2,0,0,2014-09-08 through 2014-09-14
8697,43,38,2014,30,11,0,16,0,4,3,2014-09-15 through 2014-09-21
8778,43,39,2014,29,9,0,9,0,1,3,2014-09-22 through 2014-09-28
8882,43,4,2014,54,9,0,9,0,0,5,2014-01-20 through 2014-01-26
8959,43,40,2014,32,9,0,10,0,0,6,2014-09-29 through 2014-10-05
9043,43,41,2014,42,8,0,8,0,1,2,2014-10-06 through 2014-10-12
9123,43,42,2014,37,10,0,11,0,4,3,2014-10-13 through 2014-10-19
9199,43,43,2014,32,8,0,9,0,0,4,2014-10-20 through 2014-10-26
9282,43,44,2014,37,5,0,6,0,0,2,2014-10-27 through 2014-11-02
9352,43,45,2014,36,9,0,16,0,2,4,2014-11-03 through 2014-11-09
9443,43,46,2014,38,6,0,11,0,0,2,2014-11-10 through 2014-11-16
9520,43,47,2014,36,10,0,18,0,0,2,2014-11-17 through 2014-11-23
9599,43,48,2014,31,5,1,18,1,1,1,2014-11-24 through 2014-11-30
9681,43,49,2014,35,10,0,12,0,0,8,2014-12-01 through 2014-12-07
9760,43,5,2014,37,10,0,14,0,0,3,2014-01-27 through 2014-02-02
9844,43,50,2014,34,3,0,4,0,0,1,2014-12-08 through 2014-12-14
9921,43,51,2014,33,6,0,7,0,0,1,2014-12-15 through 2014-12-21
10004,43,52,2014,33,7,0,7,0,2,2,2014-12-22 through 2014-12-28
10077,43,6,2014,53,9,1,13,1,0,3,2014-02-03 through 2014-02-09
10093,43,7,2014,34,6,0,7,0,0,2,2014-02-10 through 2014-02-16
10162,43,8,2014,21,6,0,7,0,0,3,2014-02-17 through 2014-02-23
10260,43,9,2014,25,3,0,5,0,0,2,2014-02-24 through 2014-03-02
10350,43,1,2015,19,5,0,6,0,0,3,2014-12-29 through 2015-01-04
10400,43,10,2015,41,3,0,5,0,0,1,2015-03-02 through 2015-03-08
10511,43,11,2015,40,10,0,15,0,0,2,2015-03-09 through 2015-03-15
10617,43,12,2015,17,6,0,12,0,0,1,2015-03-16 through 2015-03-22
10689,43,13,2015,41,5,0,6,0,0,2,2015-03-23 through 2015-03-29
10756,43,14,2015,45,14,0,16,0,0,7,2015-03-30 through 2015-04-05
10832,43,15,2015,28,11,0,15,0,0,3,2015-04-06 through 2015-04-12
10895,43,16,2015,14,1,0,2,0,0,0,2015-04-13 through 2015-04-19
10983,43,2,2015,43,9,0,16,0,0,3,2015-01-05 through 2015-01-11
11061,43,3,2015,47,11,0,12,0,1,6,2015-01-12 through 2015-01-18
11108,43,4,2015,26,6,0,9,0,0,3,2015-01-19 through 2015-01-25
11221,43,5,2015,35,8,0,11,0,0,1,2015-01-26 through 2015-02-01
11297,43,6,2015,42,4,0,6,0,0,3,2015-02-02 through 2015-02-08
11322,43,7,2015,36,6,0,6,0,0,2,2015-02-09 through 2015-02-15
11405,43,8,2015,33,2,0,3,0,0,0,2015-02-16 through 2015-02-22
11499,43,9,2015,34,7,0,8,0,0,1,2015-02-23 through 2015-03-01
