row_number,precinct,week,year,all_collisions,injury_collisions,fatal_collisions,injures,fatalities,cyclists_involved,pedestrians_involved,label
35,107,1,2012,4,0,0,0,0,0,0,2012-12-31 through 2013-01-06
112,107,26,2012,5,3,0,3,0,0,1,2012-06-25 through 2012-07-01
186,107,27,2012,44,6,0,11,0,0,0,2012-07-02 through 2012-07-08
263,107,28,2012,50,11,0,21,0,1,2,2012-07-09 through 2012-07-15
342,107,29,2012,55,12,0,20,0,0,2,2012-07-16 through 2012-07-22
423,107,30,2012,41,5,0,9,0,0,1,2012-07-23 through 2012-07-29
500,107,31,2012,50,7,0,11,0,0,0,2012-07-30 through 2012-08-05
577,107,32,2012,46,6,0,10,0,0,1,2012-08-06 through 2012-08-12
654,107,33,2012,62,13,0,20,0,0,2,2012-08-13 through 2012-08-19
731,107,34,2012,45,14,1,23,1,1,1,2012-08-20 through 2012-08-26
808,107,35,2012,66,6,0,11,0,1,1,2012-08-27 through 2012-09-02
885,107,36,2012,45,11,0,15,0,1,1,2012-09-03 through 2012-09-09
962,107,37,2012,66,10,0,13,0,1,1,2012-09-10 through 2012-09-16
1039,107,38,2012,65,11,1,18,1,1,5,2012-09-17 through 2012-09-23
1118,107,39,2012,57,15,0,18,0,1,2,2012-09-24 through 2012-09-30
1191,107,40,2012,51,9,0,11,0,1,2,2012-10-01 through 2012-10-07
1272,107,41,2012,62,16,1,25,1,0,6,2012-10-08 through 2012-10-14
1349,107,42,2012,71,18,0,37,0,0,2,2012-10-15 through 2012-10-21
1428,107,43,2012,53,10,1,16,1,0,2,2012-10-22 through 2012-10-28
1505,107,44,2012,41,5,0,8,0,0,1,2012-10-29 through 2012-11-04
1582,107,45,2012,66,10,0,14,0,0,5,2012-11-05 through 2012-11-11
1659,107,46,2012,66,15,0,23,0,0,3,2012-11-12 through 2012-11-18
1736,107,47,2012,42,10,0,17,0,0,2,2012-11-19 through 2012-11-25
1813,107,48,2012,62,15,0,18,0,0,2,2012-11-26 through 2012-12-02
1890,107,49,2012,67,18,0,25,0,0,4,2012-12-03 through 2012-12-09
1971,107,50,2012,39,6,0,10,0,0,2,2012-12-10 through 2012-12-16
2048,107,51,2012,65,10,0,11,0,0,3,2012-12-17 through 2012-12-23
2125,107,52,2012,49,13,0,15,0,0,4,2012-12-24 through 2012-12-30
2222,107,1,2013,33,5,0,7,0,0,1,2012-12-31 through 2013-01-06
2232,107,1,2013,10,2,0,2,0,0,0,2013-12-30 through 2014-01-05
2346,107,10,2013,49,6,0,16,0,0,3,2013-03-04 through 2013-03-10
2423,107,11,2013,66,14,1,21,1,0,2,2013-03-11 through 2013-03-17
2500,107,12,2013,58,10,0,14,0,0,5,2013-03-18 through 2013-03-24
2579,107,13,2013,40,11,0,14,0,0,3,2013-03-25 through 2013-03-31
2658,107,14,2013,50,7,0,11,0,0,3,2013-04-01 through 2013-04-07
2729,107,15,2013,50,6,0,13,0,0,1,2013-04-08 through 2013-04-14
2806,107,16,2013,66,11,0,22,0,1,0,2013-04-15 through 2013-04-21
2883,107,17,2013,68,14,0,23,0,0,4,2013-04-22 through 2013-04-28
2960,107,18,2013,55,17,0,27,0,1,0,2013-04-29 through 2013-05-05
3039,107,19,2013,51,13,0,17,0,0,1,2013-05-06 through 2013-05-12
3118,107,2,2013,39,9,0,10,0,0,1,2013-01-07 through 2013-01-13
3195,107,20,2013,64,9,0,11,0,0,1,2013-05-13 through 2013-05-19
3272,107,21,2013,66,14,0,25,0,1,2,2013-05-20 through 2013-05-26
3349,107,22,2013,62,11,0,12,0,0,0,2013-05-27 through 2013-06-02
3430,107,23,2013,73,16,0,22,0,0,4,2013-06-03 through 2013-06-09
3505,107,24,2013,63,8,0,10,0,0,4,2013-06-10 through 2013-06-16
3584,107,25,2013,53,13,1,17,1,0,2,2013-06-17 through 2013-06-23
3655,107,26,2013,51,11,1,15,2,1,1,2013-06-24 through 2013-06-30
3738,107,27,2013,45,9,0,15,0,1,0,2013-07-01 through 2013-07-07
3817,107,28,2013,36,8,0,10,0,0,3,2013-07-08 through 2013-07-14
3890,107,29,2013,66,17,0,25,0,0,0,2013-07-15 through 2013-07-21
3967,107,3,2013,43,4,0,4,0,0,1,2013-01-14 through 2013-01-20
4052,107,30,2013,58,15,0,18,0,2,4,2013-07-22 through 2013-07-28
4123,107,31,2013,57,10,1,28,1,0,1,2013-07-29 through 2013-08-04
4207,107,32,2013,57,10,0,14,0,0,2,2013-08-05 through 2013-08-11
4284,107,33,2013,53,13,0,19,0,2,3,2013-08-12 through 2013-08-18
4360,107,34,2013,51,9,0,13,0,0,1,2013-08-19 through 2013-08-25
4438,107,35,2013,52,9,0,14,0,0,4,2013-08-26 through 2013-09-01
4514,107,36,2013,59,6,0,7,0,0,0,2013-09-02 through 2013-09-08
4612,107,37,2013,81,15,0,19,0,1,1,2013-09-09 through 2013-09-15
4666,107,38,2013,68,15,0,19,0,0,5,2013-09-16 through 2013-09-22
4707,107,39,2013,67,9,0,13,0,0,3,2013-09-23 through 2013-09-29
4818,107,4,2013,70,16,0,24,0,0,5,2013-01-21 through 2013-01-27
4894,107,40,2013,84,17,0,20,0,1,2,2013-09-30 through 2013-10-06
4978,107,41,2013,64,11,0,15,0,0,3,2013-10-07 through 2013-10-13
5054,107,42,2013,71,12,0,15,0,0,6,2013-10-14 through 2013-10-20
5130,107,43,2013,77,11,0,15,0,0,6,2013-10-21 through 2013-10-27
5205,107,44,2013,81,14,0,18,0,0,4,2013-10-28 through 2013-11-03
5285,107,45,2013,85,14,1,18,1,0,4,2013-11-04 through 2013-11-10
5360,107,46,2013,72,8,0,9,0,0,2,2013-11-11 through 2013-11-17
5441,107,47,2013,72,9,0,10,0,0,3,2013-11-18 through 2013-11-24
5516,107,48,2013,64,11,0,15,0,0,0,2013-11-25 through 2013-12-01
5594,107,49,2013,62,18,0,23,0,0,6,2013-12-02 through 2013-12-08
5668,107,5,2013,75,13,0,17,0,1,4,2013-01-28 through 2013-02-03
5744,107,50,2013,74,9,0,12,0,1,4,2013-12-09 through 2013-12-15
5819,107,51,2013,70,4,0,5,0,0,0,2013-12-16 through 2013-12-22
5899,107,52,2013,49,8,0,9,0,0,2,2013-12-23 through 2013-12-29
5978,107,6,2013,46,4,0,5,0,0,1,2013-02-04 through 2013-02-10
6062,107,7,2013,56,12,0,19,0,1,3,2013-02-11 through 2013-02-17
6127,107,8,2013,45,16,0,20,0,0,3,2013-02-18 through 2013-02-24
6205,107,9,2013,67,16,1,24,1,0,3,2013-02-25 through 2013-03-03
6325,107,1,2014,38,8,2,12,2,0,2,2013-12-30 through 2014-01-05
6326,107,1,2014,19,5,0,11,0,0,0,2014-12-29 through 2015-01-04
6437,107,10,2014,51,6,0,9,0,0,1,2014-03-03 through 2014-03-09
6511,107,11,2014,59,8,0,12,0,0,2,2014-03-10 through 2014-03-16
6613,107,12,2014,81,6,0,13,0,0,1,2014-03-17 through 2014-03-23
6664,107,13,2014,52,6,0,9,0,0,0,2014-03-24 through 2014-03-30
6742,107,14,2014,68,11,0,13,0,0,2,2014-03-31 through 2014-04-06
6812,107,15,2014,82,15,0,19,0,0,4,2014-04-07 through 2014-04-13
6912,107,16,2014,52,5,0,7,0,1,0,2014-04-14 through 2014-04-20
6970,107,17,2014,65,17,0,19,0,0,3,2014-04-21 through 2014-04-27
7042,107,18,2014,82,13,1,21,1,2,0,2014-04-28 through 2014-05-04
7080,107,19,2014,74,12,0,15,0,1,1,2014-05-05 through 2014-05-11
7196,107,2,2014,57,12,0,14,0,1,5,2014-01-06 through 2014-01-12
7276,107,20,2014,53,8,0,10,0,0,2,2014-05-12 through 2014-05-18
7363,107,21,2014,58,9,0,10,0,0,2,2014-05-19 through 2014-05-25
7412,107,22,2014,47,11,0,15,0,0,1,2014-05-26 through 2014-06-01
7506,107,23,2014,65,4,0,6,0,0,1,2014-06-02 through 2014-06-08
7609,107,24,2014,51,11,0,14,0,0,2,2014-06-09 through 2014-06-15
7669,107,25,2014,47,12,0,15,0,1,2,2014-06-16 through 2014-06-22
7704,107,26,2014,64,16,0,23,0,0,5,2014-06-23 through 2014-06-29
7795,107,27,2014,54,13,0,19,0,0,4,2014-06-30 through 2014-07-06
7907,107,28,2014,60,13,0,14,0,1,2,2014-07-07 through 2014-07-13
7972,107,29,2014,53,3,0,4,0,1,0,2014-07-14 through 2014-07-20
8006,107,3,2014,58,15,0,18,0,0,4,2014-01-13 through 2014-01-19
8155,107,30,2014,61,13,1,24,1,0,3,2014-07-21 through 2014-07-27
8208,107,31,2014,43,5,0,6,0,0,2,2014-07-28 through 2014-08-03
8290,107,32,2014,50,7,0,7,0,1,0,2014-08-04 through 2014-08-10
8356,107,33,2014,58,13,0,15,0,1,1,2014-08-11 through 2014-08-17
8448,107,34,2014,42,7,0,17,0,0,1,2014-08-18 through 2014-08-24
8510,107,35,2014,65,13,0,16,0,3,0,2014-08-25 through 2014-08-31
8569,107,36,2014,65,13,0,22,0,0,1,2014-09-01 through 2014-09-07
8692,107,37,2014,70,6,0,10,0,0,0,2014-09-08 through 2014-09-14
8702,107,38,2014,63,11,0,15,0,1,1,2014-09-15 through 2014-09-21
8804,107,39,2014,55,9,1,16,1,2,4,2014-09-22 through 2014-09-28
8857,107,4,2014,80,9,0,14,0,0,1,2014-01-20 through 2014-01-26
8978,107,40,2014,66,12,0,16,0,0,4,2014-09-29 through 2014-10-05
9042,107,41,2014,50,15,0,20,0,0,6,2014-10-06 through 2014-10-12
9087,107,42,2014,58,8,0,11,0,1,2,2014-10-13 through 2014-10-19
9231,107,43,2014,65,12,0,17,0,1,4,2014-10-20 through 2014-10-26
9237,107,44,2014,54,8,0,10,0,0,4,2014-10-27 through 2014-11-02
9351,107,45,2014,68,11,0,14,0,0,4,2014-11-03 through 2014-11-09
9408,107,46,2014,70,13,0,20,0,1,4,2014-11-10 through 2014-11-16
9529,107,47,2014,56,9,0,13,0,0,6,2014-11-17 through 2014-11-23
9582,107,48,2014,51,7,0,9,0,0,3,2014-11-24 through 2014-11-30
9652,107,49,2014,43,10,1,11,1,0,5,2014-12-01 through 2014-12-07
9702,107,5,2014,63,10,0,13,0,0,3,2014-01-27 through 2014-02-02
9833,107,50,2014,71,17,0,20,0,0,9,2014-12-08 through 2014-12-14
9878,107,51,2014,77,14,0,15,0,0,8,2014-12-15 through 2014-12-21
9938,107,52,2014,37,11,0,16,0,0,3,2014-12-22 through 2014-12-28
10049,107,6,2014,63,7,0,8,0,0,2,2014-02-03 through 2014-02-09
10126,107,7,2014,76,9,0,11,0,0,1,2014-02-10 through 2014-02-16
10183,107,8,2014,64,7,1,8,2,0,2,2014-02-17 through 2014-02-23
10277,107,9,2014,72,11,0,15,0,0,4,2014-02-24 through 2014-03-02
10370,107,1,2015,17,0,0,0,0,0,0,2014-12-29 through 2015-01-04
10431,107,10,2015,63,11,0,15,0,0,4,2015-03-02 through 2015-03-08
10485,107,11,2015,58,12,0,14,0,1,4,2015-03-09 through 2015-03-15
10604,107,12,2015,52,11,0,19,0,0,2,2015-03-16 through 2015-03-22
10666,107,13,2015,70,10,0,19,0,0,5,2015-03-23 through 2015-03-29
10717,107,14,2015,60,8,0,9,0,0,1,2015-03-30 through 2015-04-05
10823,107,15,2015,36,9,0,17,0,0,1,2015-04-06 through 2015-04-12
10891,107,16,2015,20,3,0,3,0,0,0,2015-04-13 through 2015-04-19
10975,107,2,2015,68,6,0,8,0,0,1,2015-01-05 through 2015-01-11
11030,107,3,2015,70,9,0,13,0,0,2,2015-01-12 through 2015-01-18
11091,107,4,2015,62,11,0,15,0,0,0,2015-01-19 through 2015-01-25
11232,107,5,2015,49,5,0,7,0,0,2,2015-01-26 through 2015-02-01
11290,107,6,2015,54,3,0,7,0,0,0,2015-02-02 through 2015-02-08
11345,107,7,2015,60,10,0,12,0,0,2,2015-02-09 through 2015-02-15
11406,107,8,2015,50,5,0,9,0,0,1,2015-02-16 through 2015-02-22
11542,107,9,2015,45,5,0,8,0,0,3,2015-02-23 through 2015-03-01
