row_number,precinct,week,year,all_collisions,injury_collisions,fatal_collisions,injures,fatalities,cyclists_involved,pedestrians_involved,label
10,6,1,2012,5,0,0,0,0,0,0,2012-12-31 through 2013-01-06
131,6,26,2012,5,1,0,2,0,0,0,2012-06-25 through 2012-07-01
159,6,27,2012,23,3,0,3,0,0,2,2012-07-02 through 2012-07-08
238,6,28,2012,26,2,0,5,0,0,3,2012-07-09 through 2012-07-15
311,6,29,2012,29,7,0,8,0,2,2,2012-07-16 through 2012-07-22
418,6,30,2012,28,3,0,4,0,1,1,2012-07-23 through 2012-07-29
479,6,31,2012,32,4,0,4,0,1,3,2012-07-30 through 2012-08-05
568,6,32,2012,36,4,0,4,0,1,2,2012-08-06 through 2012-08-12
643,6,33,2012,23,2,0,2,0,2,0,2012-08-13 through 2012-08-19
718,6,34,2012,26,1,0,1,0,0,1,2012-08-20 through 2012-08-26
795,6,35,2012,22,4,0,4,0,3,1,2012-08-27 through 2012-09-02
888,6,36,2012,35,4,0,4,0,3,1,2012-09-03 through 2012-09-09
965,6,37,2012,32,4,0,4,0,0,2,2012-09-10 through 2012-09-16
1048,6,38,2012,36,6,0,6,0,1,5,2012-09-17 through 2012-09-23
1109,6,39,2012,24,5,0,5,0,2,3,2012-09-24 through 2012-09-30
1198,6,40,2012,31,6,0,7,0,3,2,2012-10-01 through 2012-10-07
1289,6,41,2012,28,6,0,6,0,3,2,2012-10-08 through 2012-10-14
1306,6,42,2012,33,4,0,4,0,0,1,2012-10-15 through 2012-10-21
1399,6,43,2012,19,4,0,4,0,2,2,2012-10-22 through 2012-10-28
1460,6,44,2012,18,2,0,2,0,0,0,2012-10-29 through 2012-11-04
1563,6,45,2012,25,6,0,7,0,3,2,2012-11-05 through 2012-11-11
1634,6,46,2012,27,1,0,1,0,0,1,2012-11-12 through 2012-11-18
1717,6,47,2012,29,3,0,5,0,1,0,2012-11-19 through 2012-11-25
1796,6,48,2012,25,4,0,8,0,1,1,2012-11-26 through 2012-12-02
1867,6,49,2012,30,5,0,6,0,2,1,2012-12-03 through 2012-12-09
1946,6,50,2012,23,3,0,3,0,1,2,2012-12-10 through 2012-12-16
2045,6,51,2012,32,3,0,3,0,1,2,2012-12-17 through 2012-12-23
2126,6,52,2012,18,0,0,0,0,0,0,2012-12-24 through 2012-12-30
2247,6,1,2013,8,0,0,0,0,0,0,2013-12-30 through 2014-01-05
2277,6,1,2013,22,2,0,2,0,0,0,2012-12-31 through 2013-01-06
2327,6,10,2013,20,7,0,8,0,0,3,2013-03-04 through 2013-03-10
2402,6,11,2013,12,3,0,3,0,1,1,2013-03-11 through 2013-03-17
2479,6,12,2013,25,3,0,3,0,0,3,2013-03-18 through 2013-03-24
2554,6,13,2013,28,4,0,5,0,0,4,2013-03-25 through 2013-03-31
2631,6,14,2013,27,3,0,4,0,1,1,2013-04-01 through 2013-04-07
2722,6,15,2013,33,5,0,6,0,2,3,2013-04-08 through 2013-04-14
2827,6,16,2013,35,1,0,1,0,0,1,2013-04-15 through 2013-04-21
2872,6,17,2013,30,4,0,4,0,0,4,2013-04-22 through 2013-04-28
2955,6,18,2013,34,5,0,5,0,2,1,2013-04-29 through 2013-05-05
2998,6,19,2013,23,3,0,4,0,1,1,2013-05-06 through 2013-05-12
3113,6,2,2013,24,4,0,4,0,0,2,2013-01-07 through 2013-01-13
3158,6,20,2013,29,4,0,4,0,0,1,2013-05-13 through 2013-05-19
3271,6,21,2013,32,4,0,4,0,1,2,2013-05-20 through 2013-05-26
3322,6,22,2013,27,1,0,1,0,0,1,2013-05-27 through 2013-06-02
3397,6,23,2013,36,5,0,7,0,0,2,2013-06-03 through 2013-06-09
3510,6,24,2013,27,4,0,5,0,0,4,2013-06-10 through 2013-06-16
3571,6,25,2013,28,5,0,5,0,2,2,2013-06-17 through 2013-06-23
3648,6,26,2013,40,6,0,7,0,3,2,2013-06-24 through 2013-06-30
3745,6,27,2013,24,3,0,4,0,1,1,2013-07-01 through 2013-07-07
3768,6,28,2013,32,4,0,4,0,0,1,2013-07-08 through 2013-07-14
3887,6,29,2013,32,5,0,5,0,2,1,2013-07-15 through 2013-07-21
3974,6,3,2013,42,14,0,16,0,4,4,2013-01-14 through 2013-01-20
4041,6,30,2013,28,0,0,0,0,0,0,2013-07-22 through 2013-07-28
4086,6,31,2013,28,3,0,6,0,0,1,2013-07-29 through 2013-08-04
4169,6,32,2013,15,0,0,0,0,0,0,2013-08-05 through 2013-08-11
4258,6,33,2013,27,6,0,6,0,2,2,2013-08-12 through 2013-08-18
4343,6,34,2013,23,2,0,2,0,0,1,2013-08-19 through 2013-08-25
4408,6,35,2013,37,4,0,6,0,1,2,2013-08-26 through 2013-09-01
4477,6,36,2013,29,4,0,7,0,1,1,2013-09-02 through 2013-09-08
4558,6,37,2013,34,3,0,3,0,1,2,2013-09-09 through 2013-09-15
4678,6,38,2013,38,5,0,8,0,1,0,2013-09-16 through 2013-09-22
4723,6,39,2013,29,5,0,5,0,1,3,2013-09-23 through 2013-09-29
4794,6,4,2013,27,4,0,4,0,0,2,2013-01-21 through 2013-01-27
4875,6,40,2013,26,6,0,7,0,0,3,2013-09-30 through 2013-10-06
4960,6,41,2013,33,2,0,2,0,2,0,2013-10-07 through 2013-10-13
5007,6,42,2013,25,4,0,5,0,1,0,2013-10-14 through 2013-10-20
5096,6,43,2013,39,16,0,20,0,1,8,2013-10-21 through 2013-10-27
5175,6,44,2013,38,7,0,12,0,1,2,2013-10-28 through 2013-11-03
5304,6,45,2013,35,7,0,7,0,3,2,2013-11-04 through 2013-11-10
5382,6,46,2013,32,3,0,3,0,1,1,2013-11-11 through 2013-11-17
5426,6,47,2013,25,3,0,3,0,1,1,2013-11-18 through 2013-11-24
5512,6,48,2013,17,4,0,4,0,2,0,2013-11-25 through 2013-12-01
5588,6,49,2013,29,1,0,1,0,0,1,2013-12-02 through 2013-12-08
5670,6,5,2013,34,3,0,4,0,0,1,2013-01-28 through 2013-02-03
5694,6,50,2013,30,4,0,4,0,0,3,2013-12-09 through 2013-12-15
5829,6,51,2013,30,4,0,6,0,0,3,2013-12-16 through 2013-12-22
5910,6,52,2013,18,2,0,2,0,0,2,2013-12-23 through 2013-12-29
5989,6,6,2013,28,3,0,3,0,1,2,2013-02-04 through 2013-02-10
6070,6,7,2013,34,4,0,5,0,0,3,2013-02-11 through 2013-02-17
6147,6,8,2013,34,4,0,4,0,0,4,2013-02-18 through 2013-02-24
6229,6,9,2013,30,3,0,4,0,1,2,2013-02-25 through 2013-03-03
6247,6,1,2014,12,1,0,1,0,0,0,2014-12-29 through 2015-01-04
6257,6,1,2014,7,0,0,0,0,0,0,2013-12-30 through 2014-01-05
6426,6,10,2014,23,1,0,1,0,0,1,2014-03-03 through 2014-03-09
6474,6,11,2014,36,2,0,2,0,0,0,2014-03-10 through 2014-03-16
6547,6,12,2014,20,4,0,4,0,0,2,2014-03-17 through 2014-03-23
6668,6,13,2014,25,7,0,7,0,2,4,2014-03-24 through 2014-03-30
6734,6,14,2014,24,3,0,3,0,1,1,2014-03-31 through 2014-04-06
6818,6,15,2014,29,2,0,2,0,1,1,2014-04-07 through 2014-04-13
6899,6,16,2014,27,7,0,7,0,2,3,2014-04-14 through 2014-04-20
6930,6,17,2014,31,3,0,4,0,1,1,2014-04-21 through 2014-04-27
7057,6,18,2014,35,4,0,4,0,1,2,2014-04-28 through 2014-05-04
7126,6,19,2014,33,9,0,16,0,0,2,2014-05-05 through 2014-05-11
7218,6,2,2014,26,6,0,7,0,0,4,2014-01-06 through 2014-01-12
7295,6,20,2014,35,2,0,2,0,0,1,2014-05-12 through 2014-05-18
7359,6,21,2014,32,2,0,2,0,0,1,2014-05-19 through 2014-05-25
7453,6,22,2014,22,2,0,2,0,0,2,2014-05-26 through 2014-06-01
7524,6,23,2014,22,2,0,2,0,1,1,2014-06-02 through 2014-06-08
7616,6,24,2014,27,4,0,4,0,2,1,2014-06-09 through 2014-06-15
7688,6,25,2014,30,7,0,7,0,2,3,2014-06-16 through 2014-06-22
7710,6,26,2014,32,4,0,4,0,1,3,2014-06-23 through 2014-06-29
7794,6,27,2014,29,5,0,7,0,2,1,2014-06-30 through 2014-07-06
7873,6,28,2014,22,2,0,2,0,0,2,2014-07-07 through 2014-07-13
7958,6,29,2014,23,2,0,4,0,1,0,2014-07-14 through 2014-07-20
8035,6,3,2014,22,2,0,3,0,0,1,2014-01-13 through 2014-01-19
8121,6,30,2014,28,4,0,4,0,2,0,2014-07-21 through 2014-07-27
8199,6,31,2014,30,5,0,5,0,4,1,2014-07-28 through 2014-08-03
8264,6,32,2014,25,5,0,6,0,2,0,2014-08-04 through 2014-08-10
8358,6,33,2014,29,4,0,4,0,0,3,2014-08-11 through 2014-08-17
8437,6,34,2014,33,2,0,6,0,1,0,2014-08-18 through 2014-08-24
8475,6,35,2014,25,1,0,1,0,1,0,2014-08-25 through 2014-08-31
8588,6,36,2014,28,3,0,3,0,0,0,2014-09-01 through 2014-09-07
8679,6,37,2014,31,3,0,3,0,1,2,2014-09-08 through 2014-09-14
8753,6,38,2014,42,4,0,4,0,2,1,2014-09-15 through 2014-09-21
8835,6,39,2014,29,0,0,0,0,0,0,2014-09-22 through 2014-09-28
8910,6,4,2014,22,7,0,7,0,1,5,2014-01-20 through 2014-01-26
8996,6,40,2014,33,7,0,11,0,1,4,2014-09-29 through 2014-10-05
9048,6,41,2014,32,2,0,2,0,0,1,2014-10-06 through 2014-10-12
9098,6,42,2014,24,4,0,4,0,2,1,2014-10-13 through 2014-10-19
9168,6,43,2014,28,3,0,3,0,1,2,2014-10-20 through 2014-10-26
9262,6,44,2014,37,6,0,6,0,1,3,2014-10-27 through 2014-11-02
9336,6,45,2014,17,1,0,2,0,0,0,2014-11-03 through 2014-11-09
9395,6,46,2014,28,7,0,8,0,2,1,2014-11-10 through 2014-11-16
9506,6,47,2014,34,2,0,2,0,1,1,2014-11-17 through 2014-11-23
9578,6,48,2014,14,2,0,2,0,2,0,2014-11-24 through 2014-11-30
9662,6,49,2014,32,3,0,3,0,0,3,2014-12-01 through 2014-12-07
9745,6,5,2014,24,1,0,1,0,0,1,2014-01-27 through 2014-02-02
9821,6,50,2014,24,2,0,2,0,1,1,2014-12-08 through 2014-12-14
9903,6,51,2014,34,4,0,5,0,1,0,2014-12-15 through 2014-12-21
9988,6,52,2014,23,3,0,4,0,0,3,2014-12-22 through 2014-12-28
10062,6,6,2014,33,7,0,7,0,1,5,2014-02-03 through 2014-02-09
10148,6,7,2014,32,5,0,6,0,0,2,2014-02-10 through 2014-02-16
10227,6,8,2014,35,6,0,6,0,1,5,2014-02-17 through 2014-02-23
10305,6,9,2014,28,2,0,2,0,0,1,2014-02-24 through 2014-03-02
10328,6,1,2015,14,4,0,4,0,0,3,2014-12-29 through 2015-01-04
10415,6,10,2015,35,3,0,4,0,0,1,2015-03-02 through 2015-03-08
10495,6,11,2015,29,4,0,5,0,0,3,2015-03-09 through 2015-03-15
10575,6,12,2015,17,1,0,1,0,0,0,2015-03-16 through 2015-03-22
10659,6,13,2015,32,8,0,8,0,4,3,2015-03-23 through 2015-03-29
10735,6,14,2015,28,1,0,1,0,0,1,2015-03-30 through 2015-04-05
10811,6,15,2015,25,7,0,7,0,0,5,2015-04-06 through 2015-04-12
10885,6,16,2015,7,0,0,0,0,0,0,2015-04-13 through 2015-04-19
10984,6,2,2015,17,1,0,1,0,1,0,2015-01-05 through 2015-01-11
11032,6,3,2015,28,1,0,1,0,0,0,2015-01-12 through 2015-01-18
11140,6,4,2015,17,1,0,1,0,0,1,2015-01-19 through 2015-01-25
11200,6,5,2015,15,1,0,1,0,0,1,2015-01-26 through 2015-02-01
11275,6,6,2015,21,5,0,5,0,1,3,2015-02-02 through 2015-02-08
11375,6,7,2015,25,3,0,3,0,0,2,2015-02-09 through 2015-02-15
11461,6,8,2015,26,3,0,4,0,0,2,2015-02-16 through 2015-02-22
11544,6,9,2015,17,4,0,4,0,0,2,2015-02-23 through 2015-03-01
