row_number,precinct,week,year,all_collisions,injury_collisions,fatal_collisions,injures,fatalities,cyclists_involved,pedestrians_involved,label
60,70,1,2012,6,2,0,2,0,0,0,2012-12-31 through 2013-01-06
111,70,26,2012,6,2,0,5,0,0,1,2012-06-25 through 2012-07-01
173,70,27,2012,61,12,0,16,0,1,6,2012-07-02 through 2012-07-08
280,70,28,2012,42,9,0,10,0,1,2,2012-07-09 through 2012-07-15
357,70,29,2012,55,21,0,32,0,3,4,2012-07-16 through 2012-07-22
444,70,30,2012,48,13,0,14,0,1,5,2012-07-23 through 2012-07-29
523,70,31,2012,52,13,0,15,0,3,4,2012-07-30 through 2012-08-05
600,70,32,2012,44,8,0,13,0,3,0,2012-08-06 through 2012-08-12
613,70,33,2012,54,11,0,14,0,1,4,2012-08-13 through 2012-08-19
694,70,34,2012,44,6,0,11,0,0,4,2012-08-20 through 2012-08-26
775,70,35,2012,46,15,0,19,0,2,7,2012-08-27 through 2012-09-02
848,70,36,2012,55,14,0,20,0,2,5,2012-09-03 through 2012-09-09
923,70,37,2012,55,19,0,23,0,5,6,2012-09-10 through 2012-09-16
1030,70,38,2012,47,11,0,15,0,1,6,2012-09-17 through 2012-09-23
1081,70,39,2012,51,9,0,9,0,1,4,2012-09-24 through 2012-09-30
1160,70,40,2012,47,13,0,16,0,1,5,2012-10-01 through 2012-10-07
1259,70,41,2012,36,11,0,15,0,2,5,2012-10-08 through 2012-10-14
1340,70,42,2012,62,12,0,18,0,0,4,2012-10-15 through 2012-10-21
1409,70,43,2012,50,9,0,9,0,3,2,2012-10-22 through 2012-10-28
1496,70,44,2012,36,10,0,15,0,0,4,2012-10-29 through 2012-11-04
1571,70,45,2012,55,16,0,18,0,2,9,2012-11-05 through 2012-11-11
1650,70,46,2012,41,15,1,20,1,1,9,2012-11-12 through 2012-11-18
1741,70,47,2012,56,14,0,18,0,4,2,2012-11-19 through 2012-11-25
1808,70,48,2012,52,9,0,10,0,0,6,2012-11-26 through 2012-12-02
1907,70,49,2012,79,21,0,32,0,3,8,2012-12-03 through 2012-12-09
1990,70,50,2012,58,17,0,24,0,3,9,2012-12-10 through 2012-12-16
2065,70,51,2012,57,15,0,19,0,3,6,2012-12-17 through 2012-12-23
2086,70,52,2012,53,9,0,13,0,0,4,2012-12-24 through 2012-12-30
2167,70,1,2013,48,9,0,11,0,1,4,2012-12-31 through 2013-01-06
2279,70,1,2013,7,2,0,4,0,0,0,2013-12-30 through 2014-01-05
2367,70,10,2013,56,8,0,15,0,0,7,2013-03-04 through 2013-03-10
2424,70,11,2013,42,5,0,6,0,0,2,2013-03-11 through 2013-03-17
2459,70,12,2013,50,11,0,16,0,1,1,2013-03-18 through 2013-03-24
2544,70,13,2013,39,10,0,10,0,0,6,2013-03-25 through 2013-03-31
2649,70,14,2013,46,9,0,12,0,0,3,2013-04-01 through 2013-04-07
2692,70,15,2013,70,14,0,23,0,0,5,2013-04-08 through 2013-04-14
2777,70,16,2013,48,13,0,19,0,2,3,2013-04-15 through 2013-04-21
2870,70,17,2013,54,16,0,19,0,2,6,2013-04-22 through 2013-04-28
2943,70,18,2013,69,10,0,11,0,2,6,2013-04-29 through 2013-05-05
3040,70,19,2013,66,16,0,19,0,0,9,2013-05-06 through 2013-05-12
3099,70,2,2013,55,16,0,29,0,2,6,2013-01-07 through 2013-01-13
3170,70,20,2013,51,20,0,23,0,4,6,2013-05-13 through 2013-05-19
3255,70,21,2013,53,11,0,17,0,0,1,2013-05-20 through 2013-05-26
3344,70,22,2013,62,20,0,26,0,2,3,2013-05-27 through 2013-06-02
3431,70,23,2013,48,9,0,10,0,0,4,2013-06-03 through 2013-06-09
3506,70,24,2013,63,17,0,18,0,2,9,2013-06-10 through 2013-06-16
3563,70,25,2013,54,10,0,16,0,0,5,2013-06-17 through 2013-06-23
3642,70,26,2013,45,11,0,15,0,1,4,2013-06-24 through 2013-06-30
3705,70,27,2013,47,11,0,18,0,1,7,2013-07-01 through 2013-07-07
3820,70,28,2013,49,12,0,15,0,2,4,2013-07-08 through 2013-07-14
3893,70,29,2013,35,7,0,10,0,1,3,2013-07-15 through 2013-07-21
3968,70,3,2013,42,16,0,19,0,2,8,2013-01-14 through 2013-01-20
4011,70,30,2013,50,14,0,28,0,0,3,2013-07-22 through 2013-07-28
4088,70,31,2013,33,5,0,5,0,3,1,2013-07-29 through 2013-08-04
4203,70,32,2013,51,15,0,22,0,0,2,2013-08-05 through 2013-08-11
4266,70,33,2013,50,10,0,11,0,1,2,2013-08-12 through 2013-08-18
4355,70,34,2013,50,10,0,13,0,2,4,2013-08-19 through 2013-08-25
4414,70,35,2013,67,27,0,44,0,4,11,2013-08-26 through 2013-09-01
4469,70,36,2013,44,13,0,17,0,0,4,2013-09-02 through 2013-09-08
4576,70,37,2013,70,20,0,24,0,5,10,2013-09-09 through 2013-09-15
4627,70,38,2013,51,18,0,27,0,2,6,2013-09-16 through 2013-09-22
4712,70,39,2013,33,8,0,11,0,2,1,2013-09-23 through 2013-09-29
4771,70,4,2013,50,10,0,15,0,0,4,2013-01-21 through 2013-01-27
4876,70,40,2013,47,11,0,12,0,2,4,2013-09-30 through 2013-10-06
4931,70,41,2013,62,15,0,15,0,4,6,2013-10-07 through 2013-10-13
5022,70,42,2013,63,17,0,21,0,3,10,2013-10-14 through 2013-10-20
5119,70,43,2013,52,15,0,18,0,2,7,2013-10-21 through 2013-10-27
5184,70,44,2013,56,13,0,21,0,2,3,2013-10-28 through 2013-11-03
5243,70,45,2013,72,15,0,19,0,3,7,2013-11-04 through 2013-11-10
5348,70,46,2013,60,16,0,18,0,1,5,2013-11-11 through 2013-11-17
5415,70,47,2013,50,16,0,21,0,2,6,2013-11-18 through 2013-11-24
5488,70,48,2013,58,16,0,20,0,1,7,2013-11-25 through 2013-12-01
5563,70,49,2013,66,16,0,18,0,1,10,2013-12-02 through 2013-12-08
5638,70,5,2013,39,12,0,12,0,0,7,2013-01-28 through 2013-02-03
5713,70,50,2013,66,24,0,32,0,0,11,2013-12-09 through 2013-12-15
5802,70,51,2013,47,19,0,24,0,3,8,2013-12-16 through 2013-12-22
5859,70,52,2013,52,12,0,16,0,2,2,2013-12-23 through 2013-12-29
5956,70,6,2013,47,12,0,18,0,1,2,2013-02-04 through 2013-02-10
6025,70,7,2013,45,11,0,14,0,0,2,2013-02-11 through 2013-02-17
6090,70,8,2013,57,12,0,16,0,0,7,2013-02-18 through 2013-02-24
6177,70,9,2013,51,12,0,18,0,0,8,2013-02-25 through 2013-03-03
6240,70,1,2014,24,8,0,17,0,0,4,2013-12-30 through 2014-01-05
6292,70,1,2014,12,2,0,3,0,0,0,2014-12-29 through 2015-01-04
6408,70,10,2014,52,10,0,14,0,2,2,2014-03-03 through 2014-03-09
6479,70,11,2014,53,6,0,8,0,2,0,2014-03-10 through 2014-03-16
6554,70,12,2014,63,16,0,21,0,2,9,2014-03-17 through 2014-03-23
6656,70,13,2014,50,14,0,17,0,2,7,2014-03-24 through 2014-03-30
6732,70,14,2014,49,9,1,33,1,0,4,2014-03-31 through 2014-04-06
6805,70,15,2014,61,15,0,21,0,4,4,2014-04-07 through 2014-04-13
6883,70,16,2014,38,10,0,13,0,1,7,2014-04-14 through 2014-04-20
6965,70,17,2014,47,13,0,17,0,2,6,2014-04-21 through 2014-04-27
7035,70,18,2014,50,12,0,14,0,1,3,2014-04-28 through 2014-05-04
7136,70,19,2014,63,18,0,22,0,3,7,2014-05-05 through 2014-05-11
7161,70,2,2014,43,6,0,6,0,0,6,2014-01-06 through 2014-01-12
7275,70,20,2014,51,14,0,14,0,3,3,2014-05-12 through 2014-05-18
7348,70,21,2014,70,15,0,17,0,3,8,2014-05-19 through 2014-05-25
7427,70,22,2014,43,8,0,13,0,2,1,2014-05-26 through 2014-06-01
7503,70,23,2014,64,17,0,19,0,6,3,2014-06-02 through 2014-06-08
7585,70,24,2014,51,14,0,21,0,2,7,2014-06-09 through 2014-06-15
7667,70,25,2014,71,14,0,20,0,0,5,2014-06-16 through 2014-06-22
7740,70,26,2014,72,16,0,26,0,3,3,2014-06-23 through 2014-06-29
7827,70,27,2014,49,15,0,20,0,1,2,2014-06-30 through 2014-07-06
7900,70,28,2014,42,14,0,20,0,2,5,2014-07-07 through 2014-07-13
7976,70,29,2014,44,8,0,10,0,2,3,2014-07-14 through 2014-07-20
8067,70,3,2014,49,18,0,22,0,2,7,2014-01-13 through 2014-01-19
8145,70,30,2014,51,11,0,13,0,1,3,2014-07-21 through 2014-07-27
8229,70,31,2014,46,15,0,18,0,4,6,2014-07-28 through 2014-08-03
8288,70,32,2014,42,13,0,18,0,0,2,2014-08-04 through 2014-08-10
8318,70,33,2014,54,15,0,22,0,3,2,2014-08-11 through 2014-08-17
8405,70,34,2014,49,13,0,17,0,0,5,2014-08-18 through 2014-08-24
8483,70,35,2014,59,20,0,26,0,5,5,2014-08-25 through 2014-08-31
8564,70,36,2014,53,11,0,18,0,0,4,2014-09-01 through 2014-09-07
8641,70,37,2014,66,15,0,22,0,1,8,2014-09-08 through 2014-09-14
8721,70,38,2014,66,10,0,24,0,3,3,2014-09-15 through 2014-09-21
8816,70,39,2014,47,10,0,10,0,0,4,2014-09-22 through 2014-09-28
8856,70,4,2014,49,10,0,11,0,0,4,2014-01-20 through 2014-01-26
8962,70,40,2014,60,18,0,27,0,3,6,2014-09-29 through 2014-10-05
9039,70,41,2014,47,14,0,17,0,4,3,2014-10-06 through 2014-10-12
9114,70,42,2014,42,16,0,25,0,1,5,2014-10-13 through 2014-10-19
9201,70,43,2014,59,15,0,19,0,3,6,2014-10-20 through 2014-10-26
9280,70,44,2014,67,19,0,24,0,1,8,2014-10-27 through 2014-11-02
9358,70,45,2014,45,11,0,15,0,2,3,2014-11-03 through 2014-11-09
9440,70,46,2014,52,18,0,24,0,2,8,2014-11-10 through 2014-11-16
9522,70,47,2014,57,11,0,12,0,1,4,2014-11-17 through 2014-11-23
9603,70,48,2014,44,9,0,12,0,1,6,2014-11-24 through 2014-11-30
9685,70,49,2014,62,19,0,28,0,0,9,2014-12-01 through 2014-12-07
9765,70,5,2014,61,18,0,24,0,1,5,2014-01-27 through 2014-02-02
9848,70,50,2014,61,18,0,24,0,0,13,2014-12-08 through 2014-12-14
9859,70,51,2014,55,11,0,18,0,1,3,2014-12-15 through 2014-12-21
9942,70,52,2014,41,10,0,12,0,0,6,2014-12-22 through 2014-12-28
10018,70,6,2014,43,6,0,7,0,0,3,2014-02-03 through 2014-02-09
10107,70,7,2014,56,13,0,15,0,3,5,2014-02-10 through 2014-02-16
10173,70,8,2014,52,14,0,18,0,0,6,2014-02-17 through 2014-02-23
10263,70,9,2014,52,10,0,11,0,0,5,2014-02-24 through 2014-03-02
10389,70,1,2015,29,10,0,13,0,0,7,2014-12-29 through 2015-01-04
10456,70,10,2015,57,5,0,5,0,0,3,2015-03-02 through 2015-03-08
10473,70,11,2015,49,4,0,5,0,0,3,2015-03-09 through 2015-03-15
10548,70,12,2015,57,13,0,17,0,0,7,2015-03-16 through 2015-03-22
10636,70,13,2015,51,10,0,12,0,1,5,2015-03-23 through 2015-03-29
10711,70,14,2015,53,15,0,18,0,2,7,2015-03-30 through 2015-04-05
10796,70,15,2015,48,9,0,10,0,2,4,2015-04-06 through 2015-04-12
10874,70,16,2015,20,8,0,13,0,2,0,2015-04-13 through 2015-04-19
10960,70,2,2015,47,15,0,16,0,1,9,2015-01-05 through 2015-01-11
11069,70,3,2015,64,18,0,22,0,3,10,2015-01-12 through 2015-01-18
11103,70,4,2015,49,9,0,15,0,1,5,2015-01-19 through 2015-01-25
11178,70,5,2015,46,4,0,4,0,0,2,2015-01-26 through 2015-02-01
11247,70,6,2015,65,10,0,13,0,0,4,2015-02-02 through 2015-02-08
11333,70,7,2015,61,10,0,10,0,1,6,2015-02-09 through 2015-02-15
11416,70,8,2015,54,14,1,16,1,1,10,2015-02-16 through 2015-02-22
11479,70,9,2015,28,3,0,4,0,0,2,2015-02-23 through 2015-03-01
