row_number,precinct,week,year,all_collisions,injury_collisions,fatal_collisions,injures,fatalities,cyclists_involved,pedestrians_involved,label
46,72,1,2012,7,0,0,0,0,0,0,2012-12-31 through 2013-01-06
103,72,26,2012,8,1,0,1,0,0,0,2012-06-25 through 2012-07-01
191,72,27,2012,65,11,0,18,0,1,2,2012-07-02 through 2012-07-08
270,72,28,2012,54,12,0,16,0,3,4,2012-07-09 through 2012-07-15
343,72,29,2012,46,9,0,15,0,2,1,2012-07-16 through 2012-07-22
432,72,30,2012,60,14,0,16,0,2,4,2012-07-23 through 2012-07-29
517,72,31,2012,51,9,0,14,0,3,3,2012-07-30 through 2012-08-05
588,72,32,2012,54,16,1,20,1,4,6,2012-08-06 through 2012-08-12
673,72,33,2012,60,12,0,16,0,1,4,2012-08-13 through 2012-08-19
750,72,34,2012,51,11,0,12,0,4,4,2012-08-20 through 2012-08-26
769,72,35,2012,39,13,0,14,0,2,3,2012-08-27 through 2012-09-02
858,72,36,2012,42,9,0,11,0,2,3,2012-09-03 through 2012-09-09
921,72,37,2012,46,11,0,13,0,1,5,2012-09-10 through 2012-09-16
1050,72,38,2012,43,13,0,23,0,3,2,2012-09-17 through 2012-09-23
1073,72,39,2012,53,18,0,23,0,3,4,2012-09-24 through 2012-09-30
1158,72,40,2012,51,11,0,13,0,2,4,2012-10-01 through 2012-10-07
1245,72,41,2012,41,8,0,14,0,1,1,2012-10-08 through 2012-10-14
1332,72,42,2012,64,18,0,23,0,3,4,2012-10-15 through 2012-10-21
1401,72,43,2012,53,15,1,19,1,3,5,2012-10-22 through 2012-10-28
1482,72,44,2012,43,5,0,5,0,0,2,2012-10-29 through 2012-11-04
1573,72,45,2012,63,8,0,11,0,3,2,2012-11-05 through 2012-11-11
1654,72,46,2012,59,15,0,19,0,4,3,2012-11-12 through 2012-11-18
1733,72,47,2012,56,11,0,18,0,0,4,2012-11-19 through 2012-11-25
1772,72,48,2012,58,12,0,13,0,3,6,2012-11-26 through 2012-12-02
1887,72,49,2012,54,10,0,12,0,1,2,2012-12-03 through 2012-12-09
1972,72,50,2012,53,9,0,9,0,1,2,2012-12-10 through 2012-12-16
2063,72,51,2012,43,8,0,9,0,1,0,2012-12-17 through 2012-12-23
2136,72,52,2012,43,11,0,14,0,0,3,2012-12-24 through 2012-12-30
2175,72,1,2013,48,10,0,12,0,0,3,2012-12-31 through 2013-01-06
2263,72,1,2013,8,0,0,0,0,0,0,2013-12-30 through 2014-01-05
2347,72,10,2013,45,13,0,14,0,3,4,2013-03-04 through 2013-03-10
2416,72,11,2013,47,7,0,8,0,1,2,2013-03-11 through 2013-03-17
2487,72,12,2013,41,14,0,17,0,2,1,2013-03-18 through 2013-03-24
2592,72,13,2013,46,8,0,8,0,4,3,2013-03-25 through 2013-03-31
2641,72,14,2013,41,7,0,11,0,1,1,2013-04-01 through 2013-04-07
2750,72,15,2013,48,8,0,15,0,0,2,2013-04-08 through 2013-04-14
2771,72,16,2013,58,10,0,15,0,0,5,2013-04-15 through 2013-04-21
2852,72,17,2013,55,13,0,14,0,2,3,2013-04-22 through 2013-04-28
2951,72,18,2013,47,6,0,9,0,1,1,2013-04-29 through 2013-05-05
3002,72,19,2013,64,13,0,25,0,2,3,2013-05-06 through 2013-05-12
3095,72,2,2013,40,4,0,4,0,0,3,2013-01-07 through 2013-01-13
3186,72,20,2013,36,7,0,10,0,2,4,2013-05-13 through 2013-05-19
3281,72,21,2013,53,7,0,8,0,1,2,2013-05-20 through 2013-05-26
3334,72,22,2013,49,12,0,14,0,2,2,2013-05-27 through 2013-06-02
3421,72,23,2013,61,10,0,13,0,1,2,2013-06-03 through 2013-06-09
3484,72,24,2013,59,10,0,12,0,3,2,2013-06-10 through 2013-06-16
3561,72,25,2013,60,15,0,20,0,3,5,2013-06-17 through 2013-06-23
3654,72,26,2013,50,13,0,28,0,2,4,2013-06-24 through 2013-06-30
3701,72,27,2013,60,16,0,26,0,2,3,2013-07-01 through 2013-07-07
3816,72,28,2013,42,6,0,12,0,0,2,2013-07-08 through 2013-07-14
3881,72,29,2013,57,9,0,11,0,3,1,2013-07-15 through 2013-07-21
3924,72,3,2013,37,10,0,10,0,2,3,2013-01-14 through 2013-01-20
4049,72,30,2013,54,15,0,18,0,2,4,2013-07-22 through 2013-07-28
4122,72,31,2013,42,5,0,6,0,1,1,2013-07-29 through 2013-08-04
4165,72,32,2013,50,12,1,18,1,2,2,2013-08-05 through 2013-08-11
4246,72,33,2013,54,11,0,17,0,1,3,2013-08-12 through 2013-08-18
4329,72,34,2013,52,10,0,14,0,0,8,2013-08-19 through 2013-08-25
4384,72,35,2013,55,10,0,10,0,2,4,2013-08-26 through 2013-09-01
4495,72,36,2013,39,11,0,19,0,4,1,2013-09-02 through 2013-09-08
4572,72,37,2013,50,10,0,12,0,0,3,2013-09-09 through 2013-09-15
4639,72,38,2013,51,12,0,14,0,3,3,2013-09-16 through 2013-09-22
4702,72,39,2013,46,8,1,8,1,3,4,2013-09-23 through 2013-09-29
4793,72,4,2013,51,12,0,16,0,1,4,2013-01-21 through 2013-01-27
4866,72,40,2013,45,6,0,8,0,0,2,2013-09-30 through 2013-10-06
4965,72,41,2013,50,9,0,9,0,4,2,2013-10-07 through 2013-10-13
5014,72,42,2013,45,8,0,13,0,2,2,2013-10-14 through 2013-10-20
5087,72,43,2013,56,13,0,14,0,2,5,2013-10-21 through 2013-10-27
5172,72,44,2013,47,12,0,16,0,0,5,2013-10-28 through 2013-11-03
5255,72,45,2013,51,12,0,14,0,1,2,2013-11-04 through 2013-11-10
5338,72,46,2013,50,10,0,18,0,0,1,2013-11-11 through 2013-11-17
5421,72,47,2013,51,12,0,13,0,1,9,2013-11-18 through 2013-11-24
5464,72,48,2013,53,8,0,12,0,0,2,2013-11-25 through 2013-12-01
5555,72,49,2013,59,10,0,11,0,3,2,2013-12-02 through 2013-12-08
5652,72,5,2013,57,17,0,28,0,0,4,2013-01-28 through 2013-02-03
5699,72,50,2013,49,10,0,15,0,0,5,2013-12-09 through 2013-12-15
5772,72,51,2013,52,12,0,13,0,2,2,2013-12-16 through 2013-12-22
5879,72,52,2013,47,9,0,9,0,2,5,2013-12-23 through 2013-12-29
5962,72,6,2013,44,10,0,17,0,0,6,2013-02-04 through 2013-02-10
6031,72,7,2013,53,11,0,13,0,1,4,2013-02-11 through 2013-02-17
6106,72,8,2013,60,14,0,22,0,1,5,2013-02-18 through 2013-02-24
6187,72,9,2013,55,9,0,10,0,1,5,2013-02-25 through 2013-03-03
6284,72,1,2014,28,4,0,6,0,0,0,2013-12-30 through 2014-01-05
6298,72,1,2014,16,4,0,7,0,2,1,2014-12-29 through 2015-01-04
6394,72,10,2014,39,9,0,16,0,0,5,2014-03-03 through 2014-03-09
6481,72,11,2014,45,5,0,6,0,0,3,2014-03-10 through 2014-03-16
6558,72,12,2014,45,7,0,9,0,0,2,2014-03-17 through 2014-03-23
6627,72,13,2014,48,8,0,13,0,1,0,2014-03-24 through 2014-03-30
6720,72,14,2014,44,4,0,5,0,0,0,2014-03-31 through 2014-04-06
6795,72,15,2014,43,5,0,7,0,1,1,2014-04-07 through 2014-04-13
6860,72,16,2014,25,6,0,7,0,2,1,2014-04-14 through 2014-04-20
6935,72,17,2014,40,9,0,14,0,1,1,2014-04-21 through 2014-04-27
7036,72,18,2014,58,12,0,16,0,1,4,2014-04-28 through 2014-05-04
7111,72,19,2014,52,10,0,14,0,1,2,2014-05-05 through 2014-05-11
7190,72,2,2014,46,9,0,10,0,1,7,2014-01-06 through 2014-01-12
7269,72,20,2014,65,14,0,24,0,1,3,2014-05-12 through 2014-05-18
7343,72,21,2014,56,13,0,19,0,2,3,2014-05-19 through 2014-05-25
7419,72,22,2014,37,7,0,8,0,2,1,2014-05-26 through 2014-06-01
7469,72,23,2014,59,13,0,15,0,1,3,2014-06-02 through 2014-06-08
7579,72,24,2014,55,16,0,20,0,2,5,2014-06-09 through 2014-06-15
7660,72,25,2014,64,15,0,18,0,1,2,2014-06-16 through 2014-06-22
7737,72,26,2014,59,11,0,17,0,2,2,2014-06-23 through 2014-06-29
7818,72,27,2014,44,8,0,13,0,1,1,2014-06-30 through 2014-07-06
7898,72,28,2014,41,4,0,9,0,1,0,2014-07-07 through 2014-07-13
7965,72,29,2014,50,8,0,10,0,2,1,2014-07-14 through 2014-07-20
8053,72,3,2014,39,9,0,11,0,0,5,2014-01-13 through 2014-01-19
8140,72,30,2014,56,8,0,9,0,2,2,2014-07-21 through 2014-07-27
8217,72,31,2014,54,9,0,14,0,0,5,2014-07-28 through 2014-08-03
8300,72,32,2014,43,9,0,10,0,2,3,2014-08-04 through 2014-08-10
8379,72,33,2014,52,11,0,19,0,4,4,2014-08-11 through 2014-08-17
8456,72,34,2014,42,5,0,9,0,1,0,2014-08-18 through 2014-08-24
8539,72,35,2014,38,8,0,11,0,2,2,2014-08-25 through 2014-08-31
8618,72,36,2014,58,16,0,24,0,3,5,2014-09-01 through 2014-09-07
8664,72,37,2014,41,9,0,11,0,1,1,2014-09-08 through 2014-09-14
8705,72,38,2014,55,15,0,21,0,3,1,2014-09-15 through 2014-09-21
8786,72,39,2014,56,14,0,16,0,6,5,2014-09-22 through 2014-09-28
8864,72,4,2014,58,11,0,13,0,0,2,2014-01-20 through 2014-01-26
8949,72,40,2014,52,13,0,14,0,5,3,2014-09-29 through 2014-10-05
9028,72,41,2014,40,2,0,2,0,0,0,2014-10-06 through 2014-10-12
9133,72,42,2014,40,10,0,13,0,5,3,2014-10-13 through 2014-10-19
9191,72,43,2014,65,12,0,13,0,2,5,2014-10-20 through 2014-10-26
9278,72,44,2014,50,9,0,14,0,2,3,2014-10-27 through 2014-11-02
9353,72,45,2014,53,9,0,12,0,1,3,2014-11-03 through 2014-11-09
9437,72,46,2014,62,10,0,11,0,3,3,2014-11-10 through 2014-11-16
9500,72,47,2014,66,11,1,16,1,3,2,2014-11-17 through 2014-11-23
9592,72,48,2014,42,14,0,20,0,0,7,2014-11-24 through 2014-11-30
9672,72,49,2014,46,7,0,9,0,1,1,2014-12-01 through 2014-12-07
9755,72,5,2014,53,9,0,10,0,1,3,2014-01-27 through 2014-02-02
9838,72,50,2014,61,8,0,8,0,0,4,2014-12-08 through 2014-12-14
9894,72,51,2014,61,10,0,10,0,1,5,2014-12-15 through 2014-12-21
9999,72,52,2014,43,9,0,14,0,1,4,2014-12-22 through 2014-12-28
10071,72,6,2014,49,9,0,9,0,0,3,2014-02-03 through 2014-02-09
10154,72,7,2014,47,5,0,5,0,0,2,2014-02-10 through 2014-02-16
10235,72,8,2014,45,9,0,15,0,0,2,2014-02-17 through 2014-02-23
10309,72,9,2014,45,6,0,9,0,0,2,2014-02-24 through 2014-03-02
10363,72,1,2015,24,3,0,4,0,1,1,2014-12-29 through 2015-01-04
10459,72,10,2015,56,8,0,9,0,0,2,2015-03-02 through 2015-03-08
10537,72,11,2015,49,9,0,13,0,0,3,2015-03-09 through 2015-03-15
10607,72,12,2015,39,4,0,5,0,0,2,2015-03-16 through 2015-03-22
10690,72,13,2015,43,4,0,5,0,0,1,2015-03-23 through 2015-03-29
10761,72,14,2015,45,9,0,14,0,2,2,2015-03-30 through 2015-04-05
10783,72,15,2015,44,4,0,5,0,1,1,2015-04-06 through 2015-04-12
10861,72,16,2015,12,2,0,2,0,1,0,2015-04-13 through 2015-04-19
10948,72,2,2015,59,13,0,19,0,0,3,2015-01-05 through 2015-01-11
11057,72,3,2015,53,9,0,13,0,1,2,2015-01-12 through 2015-01-18
11086,72,4,2015,41,4,0,6,0,0,2,2015-01-19 through 2015-01-25
11214,72,5,2015,35,6,0,6,0,0,2,2015-01-26 through 2015-02-01
11301,72,6,2015,51,7,0,8,0,0,1,2015-02-02 through 2015-02-08
11384,72,7,2015,39,5,0,5,0,0,2,2015-02-09 through 2015-02-15
11467,72,8,2015,43,5,0,5,0,0,2,2015-02-16 through 2015-02-22
11528,72,9,2015,51,5,0,8,0,0,1,2015-02-23 through 2015-03-01
