row_number,precinct,week,year,all_collisions,injury_collisions,fatal_collisions,injures,fatalities,cyclists_involved,pedestrians_involved,label
14,52,1,2012,3,0,0,0,0,0,0,2012-12-31 through 2013-01-06
85,52,26,2012,5,3,0,5,0,1,0,2012-06-25 through 2012-07-01
157,52,27,2012,41,11,0,11,0,2,1,2012-07-02 through 2012-07-08
274,52,28,2012,44,7,1,10,1,1,2,2012-07-09 through 2012-07-15
317,52,29,2012,36,9,1,15,1,1,2,2012-07-16 through 2012-07-22
392,52,30,2012,34,6,0,9,0,2,2,2012-07-23 through 2012-07-29
483,52,31,2012,53,9,0,10,0,0,1,2012-07-30 through 2012-08-05
570,52,32,2012,40,13,0,22,0,0,3,2012-08-06 through 2012-08-12
629,52,33,2012,42,11,0,14,0,1,2,2012-08-13 through 2012-08-19
730,52,34,2012,43,13,0,13,0,3,5,2012-08-20 through 2012-08-26
809,52,35,2012,51,5,1,5,1,2,1,2012-08-27 through 2012-09-02
868,52,36,2012,45,11,0,16,0,2,5,2012-09-03 through 2012-09-09
957,52,37,2012,49,11,0,13,0,1,2,2012-09-10 through 2012-09-16
1044,52,38,2012,45,13,0,21,0,0,6,2012-09-17 through 2012-09-23
1129,52,39,2012,54,16,0,21,0,0,5,2012-09-24 through 2012-09-30
1206,52,40,2012,45,10,0,12,0,0,6,2012-10-01 through 2012-10-07
1249,52,41,2012,44,10,0,13,0,0,5,2012-10-08 through 2012-10-14
1370,52,42,2012,61,10,0,13,0,0,2,2012-10-15 through 2012-10-21
1407,52,43,2012,56,10,0,17,0,1,2,2012-10-22 through 2012-10-28
1478,52,44,2012,24,3,0,3,0,0,1,2012-10-29 through 2012-11-04
1577,52,45,2012,36,5,0,5,0,0,2,2012-11-05 through 2012-11-11
1648,52,46,2012,38,6,0,6,0,0,2,2012-11-12 through 2012-11-18
1751,52,47,2012,45,11,0,18,0,0,3,2012-11-19 through 2012-11-25
1794,52,48,2012,31,10,0,16,0,0,4,2012-11-26 through 2012-12-02
1881,52,49,2012,44,11,0,18,0,0,5,2012-12-03 through 2012-12-09
1960,52,50,2012,41,8,0,8,0,0,5,2012-12-10 through 2012-12-16
2049,52,51,2012,44,11,0,14,0,0,6,2012-12-17 through 2012-12-23
2128,52,52,2012,40,11,0,15,0,0,5,2012-12-24 through 2012-12-30
2163,52,1,2013,17,2,0,2,0,0,1,2013-12-30 through 2014-01-05
2173,52,1,2013,29,5,0,7,0,0,2,2012-12-31 through 2013-01-06
2317,52,10,2013,54,14,0,20,0,0,6,2013-03-04 through 2013-03-10
2382,52,11,2013,50,7,0,8,0,0,3,2013-03-11 through 2013-03-17
2485,52,12,2013,56,10,0,16,0,0,3,2013-03-18 through 2013-03-24
2546,52,13,2013,47,15,0,20,0,0,4,2013-03-25 through 2013-03-31
2633,52,14,2013,38,13,0,21,0,0,8,2013-04-01 through 2013-04-07
2730,52,15,2013,56,14,0,18,0,1,5,2013-04-08 through 2013-04-14
2815,52,16,2013,33,5,0,5,0,1,1,2013-04-15 through 2013-04-21
2896,52,17,2013,50,16,0,20,0,1,6,2013-04-22 through 2013-04-28
2925,52,18,2013,41,8,0,9,0,1,4,2013-04-29 through 2013-05-05
3032,52,19,2013,41,10,0,14,0,1,2,2013-05-06 through 2013-05-12
3085,52,2,2013,43,11,0,22,0,0,3,2013-01-07 through 2013-01-13
3190,52,20,2013,67,14,0,26,0,0,8,2013-05-13 through 2013-05-19
3247,52,21,2013,56,11,0,16,0,1,2,2013-05-20 through 2013-05-26
3314,52,22,2013,64,18,0,39,0,4,4,2013-05-27 through 2013-06-02
3441,52,23,2013,66,16,0,20,0,1,6,2013-06-03 through 2013-06-09
3470,52,24,2013,49,10,0,11,0,0,4,2013-06-10 through 2013-06-16
3547,52,25,2013,44,12,0,13,0,2,7,2013-06-17 through 2013-06-23
3622,52,26,2013,47,11,0,16,0,0,4,2013-06-24 through 2013-06-30
3711,52,27,2013,41,6,0,7,0,1,1,2013-07-01 through 2013-07-07
3810,52,28,2013,46,10,0,12,0,3,2,2013-07-08 through 2013-07-14
3851,52,29,2013,52,9,0,15,0,2,0,2013-07-15 through 2013-07-21
3934,52,3,2013,42,4,0,7,0,0,0,2013-01-14 through 2013-01-20
4025,52,30,2013,40,10,0,12,0,1,7,2013-07-22 through 2013-07-28
4126,52,31,2013,52,16,0,20,0,1,7,2013-07-29 through 2013-08-04
4187,52,32,2013,57,12,0,22,0,0,3,2013-08-05 through 2013-08-11
4256,52,33,2013,41,8,0,10,0,2,4,2013-08-12 through 2013-08-18
4339,52,34,2013,48,16,0,26,0,1,3,2013-08-19 through 2013-08-25
4443,52,35,2013,39,13,0,19,0,1,5,2013-08-26 through 2013-09-01
4492,52,36,2013,47,9,0,12,0,0,3,2013-09-02 through 2013-09-08
4569,52,37,2013,38,5,0,8,0,1,0,2013-09-09 through 2013-09-15
4646,52,38,2013,37,9,0,10,0,0,5,2013-09-16 through 2013-09-22
4759,52,39,2013,38,7,0,8,0,0,5,2013-09-23 through 2013-09-29
4844,52,4,2013,52,13,0,17,0,0,8,2013-01-21 through 2013-01-27
4900,52,40,2013,50,14,0,19,0,0,5,2013-09-30 through 2013-10-06
4936,52,41,2013,51,12,0,17,0,0,6,2013-10-07 through 2013-10-13
5027,52,42,2013,55,11,0,13,0,0,5,2013-10-14 through 2013-10-20
5110,52,43,2013,51,12,0,16,0,0,3,2013-10-21 through 2013-10-27
5230,52,44,2013,43,13,0,16,0,1,5,2013-10-28 through 2013-11-03
5300,52,45,2013,44,5,0,7,0,0,1,2013-11-04 through 2013-11-10
5366,52,46,2013,62,13,0,17,0,0,3,2013-11-11 through 2013-11-17
5435,52,47,2013,44,11,0,16,0,0,6,2013-11-18 through 2013-11-24
5506,52,48,2013,45,10,0,14,0,0,5,2013-11-25 through 2013-12-01
5591,52,49,2013,45,9,0,12,0,0,4,2013-12-02 through 2013-12-08
5673,52,5,2013,44,5,0,5,0,0,3,2013-01-28 through 2013-02-03
5739,52,50,2013,46,4,0,7,0,0,2,2013-12-09 through 2013-12-15
5826,52,51,2013,53,13,0,17,0,0,3,2013-12-16 through 2013-12-22
5914,52,52,2013,46,10,0,13,0,0,5,2013-12-23 through 2013-12-29
5986,52,6,2013,43,8,0,9,0,0,4,2013-02-04 through 2013-02-10
6069,52,7,2013,49,15,1,26,1,0,7,2013-02-11 through 2013-02-17
6154,52,8,2013,44,12,0,23,0,0,5,2013-02-18 through 2013-02-24
6225,52,9,2013,43,9,0,12,0,0,1,2013-02-25 through 2013-03-03
6233,52,1,2014,28,3,1,3,1,0,2,2013-12-30 through 2014-01-05
6283,52,1,2014,18,3,0,3,0,0,2,2014-12-29 through 2015-01-04
6430,52,10,2014,46,7,0,11,0,0,5,2014-03-03 through 2014-03-09
6501,52,11,2014,39,8,0,8,0,0,3,2014-03-10 through 2014-03-16
6581,52,12,2014,54,9,0,9,0,0,6,2014-03-17 through 2014-03-23
6663,52,13,2014,57,13,0,20,0,0,9,2014-03-24 through 2014-03-30
6743,52,14,2014,62,5,0,5,0,0,2,2014-03-31 through 2014-04-06
6815,52,15,2014,47,6,0,6,0,0,4,2014-04-07 through 2014-04-13
6898,52,16,2014,43,7,0,8,0,1,3,2014-04-14 through 2014-04-20
6938,52,17,2014,37,8,0,15,0,0,1,2014-04-21 through 2014-04-27
7056,52,18,2014,52,20,0,24,0,1,11,2014-04-28 through 2014-05-04
7133,52,19,2014,48,10,0,13,0,0,3,2014-05-05 through 2014-05-11
7212,52,2,2014,53,10,0,10,0,0,4,2014-01-06 through 2014-01-12
7299,52,20,2014,47,10,0,14,0,0,3,2014-05-12 through 2014-05-18
7377,52,21,2014,45,10,0,10,0,2,4,2014-05-19 through 2014-05-25
7456,52,22,2014,44,7,0,9,0,0,2,2014-05-26 through 2014-06-01
7537,52,23,2014,38,11,0,13,0,1,6,2014-06-02 through 2014-06-08
7605,52,24,2014,51,9,0,18,0,1,5,2014-06-09 through 2014-06-15
7621,52,25,2014,50,19,0,26,0,2,5,2014-06-16 through 2014-06-22
7722,52,26,2014,48,9,0,10,0,3,2,2014-06-23 through 2014-06-29
7791,52,27,2014,45,2,0,2,0,0,2,2014-06-30 through 2014-07-06
7882,52,28,2014,55,13,0,22,0,0,5,2014-07-07 through 2014-07-13
7963,52,29,2014,46,12,0,13,0,1,6,2014-07-14 through 2014-07-20
8037,52,3,2014,35,11,0,16,0,1,5,2014-01-13 through 2014-01-19
8122,52,30,2014,49,11,1,12,1,0,1,2014-07-21 through 2014-07-27
8200,52,31,2014,29,10,0,14,0,1,1,2014-07-28 through 2014-08-03
8273,52,32,2014,38,6,0,8,0,1,2,2014-08-04 through 2014-08-10
8357,52,33,2014,49,12,0,15,0,1,5,2014-08-11 through 2014-08-17
8439,52,34,2014,41,7,0,8,0,2,1,2014-08-18 through 2014-08-24
8508,52,35,2014,67,14,0,19,0,0,3,2014-08-25 through 2014-08-31
8593,52,36,2014,46,14,0,19,0,2,5,2014-09-01 through 2014-09-07
8677,52,37,2014,53,10,0,13,0,2,1,2014-09-08 through 2014-09-14
8758,52,38,2014,41,8,0,8,0,2,1,2014-09-15 through 2014-09-21
8832,52,39,2014,54,10,0,15,0,1,5,2014-09-22 through 2014-09-28
8923,52,4,2014,47,9,1,9,1,0,4,2014-01-20 through 2014-01-26
8941,52,40,2014,42,11,0,15,0,0,4,2014-09-29 through 2014-10-05
9009,52,41,2014,39,12,0,14,0,1,7,2014-10-06 through 2014-10-12
9101,52,42,2014,39,10,0,14,0,0,5,2014-10-13 through 2014-10-19
9192,52,43,2014,48,11,0,12,0,2,3,2014-10-20 through 2014-10-26
9259,52,44,2014,48,10,0,10,0,2,4,2014-10-27 through 2014-11-02
9322,52,45,2014,53,9,0,12,0,0,3,2014-11-03 through 2014-11-09
9432,52,46,2014,54,11,0,13,0,1,6,2014-11-10 through 2014-11-16
9504,52,47,2014,47,5,0,9,0,0,1,2014-11-17 through 2014-11-23
9585,52,48,2014,63,16,0,16,0,0,9,2014-11-24 through 2014-11-30
9657,52,49,2014,41,11,0,13,0,0,4,2014-12-01 through 2014-12-07
9748,52,5,2014,44,8,0,11,0,1,3,2014-01-27 through 2014-02-02
9784,52,50,2014,51,11,0,16,0,0,2,2014-12-08 through 2014-12-14
9906,52,51,2014,52,10,0,10,0,0,4,2014-12-15 through 2014-12-21
9985,52,52,2014,28,5,0,10,0,1,0,2014-12-22 through 2014-12-28
10055,52,6,2014,56,9,0,15,0,0,3,2014-02-03 through 2014-02-09
10145,52,7,2014,63,4,0,10,0,0,0,2014-02-10 through 2014-02-16
10232,52,8,2014,55,7,0,11,0,0,2,2014-02-17 through 2014-02-23
10284,52,9,2014,39,4,0,4,0,0,0,2014-02-24 through 2014-03-02
10339,52,1,2015,14,2,0,2,0,0,2,2014-12-29 through 2015-01-04
10421,52,10,2015,43,8,0,9,0,0,4,2015-03-02 through 2015-03-08
10482,52,11,2015,46,6,0,9,0,0,3,2015-03-09 through 2015-03-15
10573,52,12,2015,37,5,0,8,0,0,1,2015-03-16 through 2015-03-22
10660,52,13,2015,35,6,0,7,0,0,2,2015-03-23 through 2015-03-29
10728,52,14,2015,48,6,0,10,0,0,2,2015-03-30 through 2015-04-05
10817,52,15,2015,42,10,0,11,0,0,3,2015-04-06 through 2015-04-12
10887,52,16,2015,8,1,0,1,0,0,0,2015-04-13 through 2015-04-19
10969,52,2,2015,43,8,0,13,0,0,2,2015-01-05 through 2015-01-11
11047,52,3,2015,58,5,0,16,0,0,1,2015-01-12 through 2015-01-18
11150,52,4,2015,45,8,0,14,0,0,2,2015-01-19 through 2015-01-25
11203,52,5,2015,28,3,0,3,0,0,2,2015-01-26 through 2015-02-01
11306,52,6,2015,40,3,0,4,0,0,1,2015-02-02 through 2015-02-08
11386,52,7,2015,52,6,0,7,0,0,1,2015-02-09 through 2015-02-15
11463,52,8,2015,41,5,0,6,0,0,3,2015-02-16 through 2015-02-22
11469,52,9,2015,36,5,0,6,0,0,2,2015-02-23 through 2015-03-01
