row_number,precinct,week,year,all_collisions,injury_collisions,fatal_collisions,injures,fatalities,cyclists_involved,pedestrians_involved,label
27,26,1,2012,2,0,0,0,0,0,0,2012-12-31 through 2013-01-06
92,26,26,2012,2,1,0,2,0,0,0,2012-06-25 through 2012-07-01
166,26,27,2012,10,1,0,1,0,0,0,2012-07-02 through 2012-07-08
243,26,28,2012,17,2,0,2,0,1,1,2012-07-09 through 2012-07-15
320,26,29,2012,22,6,0,6,0,0,3,2012-07-16 through 2012-07-22
401,26,30,2012,13,3,0,3,0,0,0,2012-07-23 through 2012-07-29
478,26,31,2012,19,5,0,6,0,0,2,2012-07-30 through 2012-08-05
555,26,32,2012,14,2,0,2,0,1,0,2012-08-06 through 2012-08-12
632,26,33,2012,17,5,0,5,0,0,2,2012-08-13 through 2012-08-19
707,26,34,2012,21,5,0,9,0,0,2,2012-08-20 through 2012-08-26
784,26,35,2012,12,3,0,8,0,0,1,2012-08-27 through 2012-09-02
861,26,36,2012,23,6,0,7,0,0,2,2012-09-03 through 2012-09-09
938,26,37,2012,12,1,1,1,1,0,1,2012-09-10 through 2012-09-16
1015,26,38,2012,11,4,0,5,0,1,1,2012-09-17 through 2012-09-23
1092,26,39,2012,17,2,1,2,1,0,1,2012-09-24 through 2012-09-30
1169,26,40,2012,16,2,0,2,0,1,0,2012-10-01 through 2012-10-07
1248,26,41,2012,21,3,0,5,0,0,2,2012-10-08 through 2012-10-14
1325,26,42,2012,20,3,0,4,0,0,2,2012-10-15 through 2012-10-21
1404,26,43,2012,12,2,0,3,0,0,2,2012-10-22 through 2012-10-28
1481,26,44,2012,15,2,0,2,0,0,0,2012-10-29 through 2012-11-04
1558,26,45,2012,8,2,0,2,0,1,0,2012-11-05 through 2012-11-11
1635,26,46,2012,18,2,0,2,0,1,1,2012-11-12 through 2012-11-18
1712,26,47,2012,22,8,0,13,0,2,3,2012-11-19 through 2012-11-25
1789,26,48,2012,20,4,0,6,0,1,1,2012-11-26 through 2012-12-02
1866,26,49,2012,8,2,0,2,0,0,1,2012-12-03 through 2012-12-09
1947,26,50,2012,11,2,0,2,0,0,0,2012-12-10 through 2012-12-16
2024,26,51,2012,16,3,0,4,0,0,2,2012-12-17 through 2012-12-23
2101,26,52,2012,8,1,0,1,0,0,1,2012-12-24 through 2012-12-30
2186,26,1,2013,11,4,0,5,0,1,3,2012-12-31 through 2013-01-06
2190,26,1,2013,8,0,0,0,0,0,0,2013-12-30 through 2014-01-05
2320,26,10,2013,27,4,0,7,0,0,2,2013-03-04 through 2013-03-10
2395,26,11,2013,14,4,0,4,0,1,2,2013-03-11 through 2013-03-17
2474,26,12,2013,24,4,0,7,0,1,0,2013-03-18 through 2013-03-24
2553,26,13,2013,8,2,0,2,0,0,0,2013-03-25 through 2013-03-31
2628,26,14,2013,16,2,0,2,0,0,2,2013-04-01 through 2013-04-07
2705,26,15,2013,19,4,0,6,0,0,0,2013-04-08 through 2013-04-14
2782,26,16,2013,12,2,0,3,0,0,1,2013-04-15 through 2013-04-21
2859,26,17,2013,14,2,0,2,0,0,0,2013-04-22 through 2013-04-28
2934,26,18,2013,19,5,0,10,0,2,1,2013-04-29 through 2013-05-05
3015,26,19,2013,23,8,0,9,0,1,0,2013-05-06 through 2013-05-12
3092,26,2,2013,15,3,0,3,0,0,1,2013-01-07 through 2013-01-13
3173,26,20,2013,27,2,0,2,0,0,1,2013-05-13 through 2013-05-19
3246,26,21,2013,30,6,0,8,0,2,0,2013-05-20 through 2013-05-26
3323,26,22,2013,16,2,0,2,0,1,1,2013-05-27 through 2013-06-02
3400,26,23,2013,16,4,0,4,0,0,1,2013-06-03 through 2013-06-09
3475,26,24,2013,25,3,0,6,0,1,1,2013-06-10 through 2013-06-16
3554,26,25,2013,18,5,0,5,0,1,2,2013-06-17 through 2013-06-23
3633,26,26,2013,23,1,0,1,0,0,0,2013-06-24 through 2013-06-30
3708,26,27,2013,17,7,0,7,0,0,2,2013-07-01 through 2013-07-07
3785,26,28,2013,16,2,0,2,0,1,0,2013-07-08 through 2013-07-14
3864,26,29,2013,19,0,0,0,0,0,0,2013-07-15 through 2013-07-21
3943,26,3,2013,11,4,0,4,0,1,1,2013-01-14 through 2013-01-20
4028,26,30,2013,13,6,0,7,0,1,1,2013-07-22 through 2013-07-28
4099,26,31,2013,20,4,0,5,0,1,1,2013-07-29 through 2013-08-04
4178,26,32,2013,11,2,0,3,0,0,0,2013-08-05 through 2013-08-11
4257,26,33,2013,16,3,0,12,0,0,0,2013-08-12 through 2013-08-18
4330,26,34,2013,16,8,0,9,0,4,2,2013-08-19 through 2013-08-25
4409,26,35,2013,16,3,0,3,0,0,1,2013-08-26 through 2013-09-01
4488,26,36,2013,15,3,0,5,0,0,0,2013-09-02 through 2013-09-08
4563,26,37,2013,11,2,0,2,0,0,1,2013-09-09 through 2013-09-15
4638,26,38,2013,16,2,0,2,0,0,1,2013-09-16 through 2013-09-22
4721,26,39,2013,25,8,0,14,0,0,2,2013-09-23 through 2013-09-29
4790,26,4,2013,13,1,0,1,0,0,0,2013-01-21 through 2013-01-27
4869,26,40,2013,18,3,0,3,0,2,0,2013-09-30 through 2013-10-06
4954,26,41,2013,17,2,0,2,0,1,0,2013-10-07 through 2013-10-13
5033,26,42,2013,19,7,0,8,0,1,1,2013-10-14 through 2013-10-20
5112,26,43,2013,17,2,0,5,0,0,0,2013-10-21 through 2013-10-27
5181,26,44,2013,23,3,0,7,0,0,1,2013-10-28 through 2013-11-03
5262,26,45,2013,9,2,0,3,0,0,3,2013-11-04 through 2013-11-10
5337,26,46,2013,16,6,0,6,0,1,3,2013-11-11 through 2013-11-17
5416,26,47,2013,14,1,0,1,0,0,0,2013-11-18 through 2013-11-24
5497,26,48,2013,16,5,0,5,0,0,4,2013-11-25 through 2013-12-01
5574,26,49,2013,11,0,0,0,0,0,0,2013-12-02 through 2013-12-08
5647,26,5,2013,17,2,1,3,1,0,2,2013-01-28 through 2013-02-03
5726,26,50,2013,20,5,0,9,0,0,5,2013-12-09 through 2013-12-15
5805,26,51,2013,18,3,0,3,0,0,1,2013-12-16 through 2013-12-22
5882,26,52,2013,10,0,0,0,0,0,0,2013-12-23 through 2013-12-29
5955,26,6,2013,20,2,0,4,0,0,0,2013-02-04 through 2013-02-10
6032,26,7,2013,21,3,0,3,0,0,3,2013-02-11 through 2013-02-17
6111,26,8,2013,10,1,0,1,0,0,0,2013-02-18 through 2013-02-24
6191,26,9,2013,11,2,0,3,0,0,1,2013-02-25 through 2013-03-03
6291,26,1,2014,5,1,0,1,0,0,0,2013-12-30 through 2014-01-05
6293,26,1,2014,7,0,1,0,1,0,1,2014-12-29 through 2015-01-04
6420,26,10,2014,12,3,0,4,0,1,0,2014-03-03 through 2014-03-09
6494,26,11,2014,14,2,0,2,0,0,2,2014-03-10 through 2014-03-16
6569,26,12,2014,14,3,0,5,0,0,0,2014-03-17 through 2014-03-23
6649,26,13,2014,15,4,0,6,0,0,1,2014-03-24 through 2014-03-30
6724,26,14,2014,21,8,0,8,0,3,3,2014-03-31 through 2014-04-06
6794,26,15,2014,12,0,0,0,0,0,0,2014-04-07 through 2014-04-13
6875,26,16,2014,15,4,0,7,0,2,0,2014-04-14 through 2014-04-20
6959,26,17,2014,16,4,0,5,0,0,2,2014-04-21 through 2014-04-27
7030,26,18,2014,21,6,0,6,0,3,1,2014-04-28 through 2014-05-04
7107,26,19,2014,13,2,0,3,0,0,1,2014-05-05 through 2014-05-11
7185,26,2,2014,14,2,0,4,0,0,1,2014-01-06 through 2014-01-12
7261,26,20,2014,23,3,0,5,0,0,1,2014-05-12 through 2014-05-18
7338,26,21,2014,22,1,0,1,0,0,0,2014-05-19 through 2014-05-25
7410,26,22,2014,25,1,0,2,0,0,0,2014-05-26 through 2014-06-01
7491,26,23,2014,19,4,0,4,0,2,2,2014-06-02 through 2014-06-08
7566,26,24,2014,23,3,0,5,0,0,2,2014-06-09 through 2014-06-15
7645,26,25,2014,15,3,0,5,0,1,1,2014-06-16 through 2014-06-22
7728,26,26,2014,16,5,0,5,0,1,2,2014-06-23 through 2014-06-29
7799,26,27,2014,15,4,1,4,1,1,1,2014-06-30 through 2014-07-06
7878,26,28,2014,20,3,0,5,0,2,0,2014-07-07 through 2014-07-13
7953,26,29,2014,16,3,0,3,0,0,1,2014-07-14 through 2014-07-20
8031,26,3,2014,8,4,0,5,0,0,2,2014-01-13 through 2014-01-19
8106,26,30,2014,12,3,0,3,0,2,0,2014-07-21 through 2014-07-27
8185,26,31,2014,16,2,0,2,0,1,1,2014-07-28 through 2014-08-03
8257,26,32,2014,21,7,0,7,0,2,3,2014-08-04 through 2014-08-10
8340,26,33,2014,19,4,0,4,0,1,1,2014-08-11 through 2014-08-17
8415,26,34,2014,20,3,0,3,0,2,1,2014-08-18 through 2014-08-24
8497,26,35,2014,22,6,0,6,0,1,4,2014-08-25 through 2014-08-31
8566,26,36,2014,10,2,0,3,0,1,0,2014-09-01 through 2014-09-07
8645,26,37,2014,14,1,0,2,0,0,0,2014-09-08 through 2014-09-14
8722,26,38,2014,10,2,0,2,0,1,0,2014-09-15 through 2014-09-21
8799,26,39,2014,19,4,0,5,0,1,1,2014-09-22 through 2014-09-28
8872,26,4,2014,12,2,0,2,0,0,0,2014-01-20 through 2014-01-26
8954,26,40,2014,11,4,0,4,0,2,2,2014-09-29 through 2014-10-05
9029,26,41,2014,20,5,0,5,0,1,0,2014-10-06 through 2014-10-12
9109,26,42,2014,16,2,0,2,0,0,0,2014-10-13 through 2014-10-19
9187,26,43,2014,25,3,0,3,0,2,0,2014-10-20 through 2014-10-26
9270,26,44,2014,18,2,0,2,0,1,0,2014-10-27 through 2014-11-02
9342,26,45,2014,14,2,0,3,0,0,0,2014-11-03 through 2014-11-09
9421,26,46,2014,15,1,0,1,0,0,1,2014-11-10 through 2014-11-16
9494,26,47,2014,24,3,0,5,0,0,0,2014-11-17 through 2014-11-23
9574,26,48,2014,6,1,0,6,0,0,0,2014-11-24 through 2014-11-30
9648,26,49,2014,24,6,0,12,0,1,2,2014-12-01 through 2014-12-07
9730,26,5,2014,16,2,0,2,0,1,0,2014-01-27 through 2014-02-02
9804,26,50,2014,9,2,0,2,0,0,0,2014-12-08 through 2014-12-14
9877,26,51,2014,22,4,0,5,0,1,1,2014-12-15 through 2014-12-21
9955,26,52,2014,12,1,0,1,0,0,1,2014-12-22 through 2014-12-28
10033,26,6,2014,18,2,0,2,0,0,2,2014-02-03 through 2014-02-09
10109,26,7,2014,13,3,0,3,0,0,3,2014-02-10 through 2014-02-16
10182,26,8,2014,18,6,0,8,0,0,4,2014-02-17 through 2014-02-23
10262,26,9,2014,18,4,0,4,0,1,1,2014-02-24 through 2014-03-02
10331,26,1,2015,5,1,0,2,0,0,0,2014-12-29 through 2015-01-04
10441,26,10,2015,24,3,0,5,0,2,0,2015-03-02 through 2015-03-08
10518,26,11,2015,16,6,0,9,0,0,2,2015-03-09 through 2015-03-15
10562,26,12,2015,17,4,0,5,0,0,2,2015-03-16 through 2015-03-22
10645,26,13,2015,11,2,0,3,0,0,0,2015-03-23 through 2015-03-29
10718,26,14,2015,18,2,0,2,0,0,0,2015-03-30 through 2015-04-05
10807,26,15,2015,10,2,0,2,0,1,1,2015-04-06 through 2015-04-12
10870,26,16,2015,5,0,0,0,0,0,0,2015-04-13 through 2015-04-19
10950,26,2,2015,10,1,0,1,0,0,1,2015-01-05 through 2015-01-11
11029,26,3,2015,26,2,0,2,0,1,1,2015-01-12 through 2015-01-18
11098,26,4,2015,19,2,0,2,0,0,1,2015-01-19 through 2015-01-25
11187,26,5,2015,12,1,0,1,0,0,1,2015-01-26 through 2015-02-01
11304,26,6,2015,24,1,0,2,0,0,0,2015-02-02 through 2015-02-08
11337,26,7,2015,10,1,0,1,0,0,1,2015-02-09 through 2015-02-15
11408,26,8,2015,15,2,0,3,0,0,0,2015-02-16 through 2015-02-22
11532,26,9,2015,13,2,0,2,0,0,0,2015-02-23 through 2015-03-01
