row_number,precinct,week,year,all_collisions,injury_collisions,fatal_collisions,injures,fatalities,cyclists_involved,pedestrians_involved,label
43,34,1,2012,2,0,0,0,0,0,0,2012-12-31 through 2013-01-06
114,34,26,2012,1,0,0,0,0,0,0,2012-06-25 through 2012-07-01
188,34,27,2012,29,4,0,4,0,2,1,2012-07-02 through 2012-07-08
265,34,28,2012,33,6,0,6,0,2,1,2012-07-09 through 2012-07-15
340,34,29,2012,34,7,0,8,0,3,1,2012-07-16 through 2012-07-22
421,34,30,2012,36,4,0,5,0,1,1,2012-07-23 through 2012-07-29
498,34,31,2012,23,6,0,7,0,1,4,2012-07-30 through 2012-08-05
575,34,32,2012,32,6,0,7,0,0,2,2012-08-06 through 2012-08-12
652,34,33,2012,33,9,0,12,0,1,1,2012-08-13 through 2012-08-19
729,34,34,2012,20,2,0,2,0,0,2,2012-08-20 through 2012-08-26
806,34,35,2012,47,7,0,10,0,3,2,2012-08-27 through 2012-09-02
883,34,36,2012,36,8,0,13,0,0,3,2012-09-03 through 2012-09-09
960,34,37,2012,30,2,0,3,0,0,1,2012-09-10 through 2012-09-16
1035,34,38,2012,33,6,0,6,0,0,2,2012-09-17 through 2012-09-23
1114,34,39,2012,27,7,0,11,0,1,1,2012-09-24 through 2012-09-30
1189,34,40,2012,30,10,0,13,0,1,2,2012-10-01 through 2012-10-07
1268,34,41,2012,28,3,0,3,0,0,3,2012-10-08 through 2012-10-14
1345,34,42,2012,18,2,0,7,0,0,0,2012-10-15 through 2012-10-21
1424,34,43,2012,17,4,0,4,0,0,1,2012-10-22 through 2012-10-28
1499,34,44,2012,18,3,0,3,0,0,1,2012-10-29 through 2012-11-04
1576,34,45,2012,17,3,0,4,0,0,1,2012-11-05 through 2012-11-11
1653,34,46,2012,25,6,0,14,0,0,1,2012-11-12 through 2012-11-18
1730,34,47,2012,25,7,0,11,0,0,4,2012-11-19 through 2012-11-25
1807,34,48,2012,20,4,0,4,0,1,2,2012-11-26 through 2012-12-02
1884,34,49,2012,27,2,0,2,0,0,0,2012-12-03 through 2012-12-09
1965,34,50,2012,25,7,0,7,0,0,6,2012-12-10 through 2012-12-16
2042,34,51,2012,24,7,0,11,0,1,2,2012-12-17 through 2012-12-23
2119,34,52,2012,21,4,0,4,0,0,4,2012-12-24 through 2012-12-30
2234,34,1,2013,17,4,0,6,0,0,3,2012-12-31 through 2013-01-06
2236,34,1,2013,10,2,0,3,0,0,1,2013-12-30 through 2014-01-05
2348,34,10,2013,29,7,0,16,0,0,4,2013-03-04 through 2013-03-10
2427,34,11,2013,28,1,0,3,0,0,0,2013-03-11 through 2013-03-17
2502,34,12,2013,24,3,0,4,0,1,1,2013-03-18 through 2013-03-24
2581,34,13,2013,25,4,0,4,0,0,3,2013-03-25 through 2013-03-31
2660,34,14,2013,36,7,0,7,0,0,3,2013-04-01 through 2013-04-07
2731,34,15,2013,32,8,0,10,0,1,2,2013-04-08 through 2013-04-14
2810,34,16,2013,33,9,0,12,0,1,3,2013-04-15 through 2013-04-21
2885,34,17,2013,27,6,0,7,0,0,2,2013-04-22 through 2013-04-28
2962,34,18,2013,32,5,0,7,0,4,1,2013-04-29 through 2013-05-05
3041,34,19,2013,23,4,0,4,0,1,3,2013-05-06 through 2013-05-12
3120,34,2,2013,20,5,0,5,0,0,4,2013-01-07 through 2013-01-13
3197,34,20,2013,22,4,0,4,0,1,2,2013-05-13 through 2013-05-19
3274,34,21,2013,33,4,0,8,0,0,0,2013-05-20 through 2013-05-26
3351,34,22,2013,39,8,0,11,0,1,4,2013-05-27 through 2013-06-02
3432,34,23,2013,37,5,0,7,0,0,0,2013-06-03 through 2013-06-09
3507,34,24,2013,30,7,0,12,0,3,1,2013-06-10 through 2013-06-16
3586,34,25,2013,38,8,0,9,0,2,3,2013-06-17 through 2013-06-23
3657,34,26,2013,35,6,0,8,0,2,0,2013-06-24 through 2013-06-30
3736,34,27,2013,34,7,0,7,0,1,4,2013-07-01 through 2013-07-07
3815,34,28,2013,27,5,0,6,0,2,4,2013-07-08 through 2013-07-14
3888,34,29,2013,18,4,0,6,0,0,2,2013-07-15 through 2013-07-21
3965,34,3,2013,19,1,0,1,0,0,1,2013-01-14 through 2013-01-20
4050,34,30,2013,32,6,0,6,0,0,3,2013-07-22 through 2013-07-28
4121,34,31,2013,24,0,1,0,1,0,1,2013-07-29 through 2013-08-04
4206,34,32,2013,14,4,0,4,0,0,2,2013-08-05 through 2013-08-11
4283,34,33,2013,32,5,0,7,0,0,0,2013-08-12 through 2013-08-18
4358,34,34,2013,28,5,0,5,0,1,3,2013-08-19 through 2013-08-25
4437,34,35,2013,28,5,0,5,0,0,4,2013-08-26 through 2013-09-01
4512,34,36,2013,35,8,0,10,0,3,2,2013-09-02 through 2013-09-08
4585,34,37,2013,32,7,0,9,0,0,3,2013-09-09 through 2013-09-15
4664,34,38,2013,25,9,0,14,0,2,5,2013-09-16 through 2013-09-22
4741,34,39,2013,29,7,0,10,0,1,2,2013-09-23 through 2013-09-29
4816,34,4,2013,14,2,0,9,0,0,0,2013-01-21 through 2013-01-27
4893,34,40,2013,27,4,0,5,0,1,1,2013-09-30 through 2013-10-06
4974,34,41,2013,22,6,0,6,0,1,3,2013-10-07 through 2013-10-13
5051,34,42,2013,27,4,0,6,0,1,2,2013-10-14 through 2013-10-20
5129,34,43,2013,38,7,0,9,0,0,3,2013-10-21 through 2013-10-27
5201,34,44,2013,23,3,0,3,0,0,3,2013-10-28 through 2013-11-03
5281,34,45,2013,35,4,0,4,0,0,2,2013-11-04 through 2013-11-10
5357,34,46,2013,33,9,0,14,0,0,4,2013-11-11 through 2013-11-17
5451,34,47,2013,30,6,0,8,0,0,6,2013-11-18 through 2013-11-24
5520,34,48,2013,31,9,0,11,0,2,3,2013-11-25 through 2013-12-01
5589,34,49,2013,29,6,0,7,0,1,2,2013-12-02 through 2013-12-08
5665,34,5,2013,27,4,0,4,0,0,1,2013-01-28 through 2013-02-03
5746,34,50,2013,22,4,0,5,0,0,0,2013-12-09 through 2013-12-15
5821,34,51,2013,30,9,0,11,0,0,4,2013-12-16 through 2013-12-22
5897,34,52,2013,24,5,0,6,0,1,2,2013-12-23 through 2013-12-29
5974,34,6,2013,34,3,0,3,0,0,2,2013-02-04 through 2013-02-10
6048,34,7,2013,20,3,0,3,0,0,2,2013-02-11 through 2013-02-17
6124,34,8,2013,22,5,0,5,0,0,4,2013-02-18 through 2013-02-24
6203,34,9,2013,35,4,0,6,0,0,2,2013-02-25 through 2013-03-03
6327,34,1,2014,8,2,0,2,0,0,1,2014-12-29 through 2015-01-04
6328,34,1,2014,10,0,0,0,0,0,0,2013-12-30 through 2014-01-05
6434,34,10,2014,27,8,0,8,0,1,6,2014-03-03 through 2014-03-09
6513,34,11,2014,21,2,0,2,0,1,0,2014-03-10 through 2014-03-16
6584,34,12,2014,20,4,0,5,0,0,2,2014-03-17 through 2014-03-23
6661,34,13,2014,18,3,0,4,0,1,1,2014-03-24 through 2014-03-30
6744,34,14,2014,30,5,0,9,0,0,3,2014-03-31 through 2014-04-06
6790,34,15,2014,33,5,0,6,0,0,2,2014-04-07 through 2014-04-13
6894,34,16,2014,30,9,0,11,0,1,3,2014-04-14 through 2014-04-20
7000,34,17,2014,23,3,0,4,0,0,1,2014-04-21 through 2014-04-27
7043,34,18,2014,30,6,0,6,0,1,3,2014-04-28 through 2014-05-04
7143,34,19,2014,24,6,0,7,0,1,1,2014-05-05 through 2014-05-11
7214,34,2,2014,30,5,0,6,0,1,2,2014-01-06 through 2014-01-12
7287,34,20,2014,24,6,0,6,0,3,2,2014-05-12 through 2014-05-18
7350,34,21,2014,27,8,0,9,0,3,2,2014-05-19 through 2014-05-25
7423,34,22,2014,44,5,0,8,0,0,2,2014-05-26 through 2014-06-01
7509,34,23,2014,35,4,0,4,0,1,1,2014-06-02 through 2014-06-08
7586,34,24,2014,33,7,0,8,0,2,1,2014-06-09 through 2014-06-15
7662,34,25,2014,41,10,0,13,0,3,5,2014-06-16 through 2014-06-22
7755,34,26,2014,26,3,0,7,0,0,0,2014-06-23 through 2014-06-29
7833,34,27,2014,33,10,0,12,0,3,2,2014-06-30 through 2014-07-06
7874,34,28,2014,35,5,0,5,0,1,1,2014-07-07 through 2014-07-13
7954,34,29,2014,40,5,0,7,0,1,2,2014-07-14 through 2014-07-20
8043,34,3,2014,17,5,0,5,0,0,3,2014-01-13 through 2014-01-19
8133,34,30,2014,34,8,0,9,0,4,1,2014-07-21 through 2014-07-27
8225,34,31,2014,24,2,0,2,0,0,1,2014-07-28 through 2014-08-03
8275,34,32,2014,33,7,0,8,0,1,2,2014-08-04 through 2014-08-10
8367,34,33,2014,25,4,0,4,0,0,3,2014-08-11 through 2014-08-17
8429,34,34,2014,35,8,0,9,0,4,1,2014-08-18 through 2014-08-24
8519,34,35,2014,33,9,0,13,0,3,3,2014-08-25 through 2014-08-31
8580,34,36,2014,34,7,0,7,0,2,1,2014-09-01 through 2014-09-07
8658,34,37,2014,31,2,0,2,0,0,1,2014-09-08 through 2014-09-14
8735,34,38,2014,34,5,0,6,0,0,2,2014-09-15 through 2014-09-21
8796,34,39,2014,33,5,0,6,0,0,2,2014-09-22 through 2014-09-28
8878,34,4,2014,22,4,0,4,0,0,1,2014-01-20 through 2014-01-26
8948,34,40,2014,33,3,0,3,0,2,0,2014-09-29 through 2014-10-05
9040,34,41,2014,21,5,0,10,0,1,0,2014-10-06 through 2014-10-12
9092,34,42,2014,27,3,0,5,0,0,1,2014-10-13 through 2014-10-19
9202,34,43,2014,29,5,0,11,0,1,0,2014-10-20 through 2014-10-26
9306,34,44,2014,34,3,0,4,0,0,2,2014-10-27 through 2014-11-02
9380,34,45,2014,25,7,0,8,0,0,3,2014-11-03 through 2014-11-09
9438,34,46,2014,19,6,0,7,0,2,1,2014-11-10 through 2014-11-16
9510,34,47,2014,23,4,0,4,0,0,2,2014-11-17 through 2014-11-23
9594,34,48,2014,27,8,0,9,0,0,5,2014-11-24 through 2014-11-30
9635,34,49,2014,27,3,0,3,0,0,2,2014-12-01 through 2014-12-07
9744,34,5,2014,27,2,0,2,0,0,0,2014-01-27 through 2014-02-02
9816,34,50,2014,25,8,0,10,0,0,6,2014-12-08 through 2014-12-14
9925,34,51,2014,27,3,0,3,0,1,1,2014-12-15 through 2014-12-21
9966,34,52,2014,18,4,0,4,0,0,1,2014-12-22 through 2014-12-28
10012,34,6,2014,35,4,0,4,0,0,2,2014-02-03 through 2014-02-09
10110,34,7,2014,30,3,0,4,0,0,0,2014-02-10 through 2014-02-16
10163,34,8,2014,36,2,0,3,0,0,0,2014-02-17 through 2014-02-23
10251,34,9,2014,24,4,0,5,0,0,2,2014-02-24 through 2014-03-02
10348,34,1,2015,15,3,0,3,0,0,2,2014-12-29 through 2015-01-04
10447,34,10,2015,36,8,0,14,0,1,6,2015-03-02 through 2015-03-08
10467,34,11,2015,32,9,0,10,0,0,4,2015-03-09 through 2015-03-15
10557,34,12,2015,19,3,0,6,0,0,0,2015-03-16 through 2015-03-22
10653,34,13,2015,28,3,0,4,0,0,1,2015-03-23 through 2015-03-29
10707,34,14,2015,32,6,0,6,0,1,2,2015-03-30 through 2015-04-05
10789,34,15,2015,24,2,0,4,0,0,0,2015-04-06 through 2015-04-12
10920,34,16,2015,9,1,0,3,0,0,0,2015-04-13 through 2015-04-19
10986,34,2,2015,24,6,0,10,0,1,2,2015-01-05 through 2015-01-11
11019,34,3,2015,28,5,0,6,0,0,4,2015-01-12 through 2015-01-18
11145,34,4,2015,33,3,0,3,0,0,2,2015-01-19 through 2015-01-25
11206,34,5,2015,22,3,0,3,0,0,1,2015-01-26 through 2015-02-01
11255,34,6,2015,26,6,0,7,0,0,2,2015-02-02 through 2015-02-08
11327,34,7,2015,22,1,0,2,0,0,0,2015-02-09 through 2015-02-15
11395,34,8,2015,28,6,0,10,0,0,2,2015-02-16 through 2015-02-22
11475,34,9,2015,30,1,0,1,0,0,1,2015-02-23 through 2015-03-01
