row_number,precinct,week,year,all_collisions,injury_collisions,fatal_collisions,injures,fatalities,cyclists_involved,pedestrians_involved,label
29,115,1,2012,3,1,0,1,0,0,1,2012-12-31 through 2013-01-06
102,115,26,2012,12,3,0,4,0,0,0,2012-06-25 through 2012-07-01
178,115,27,2012,66,18,1,23,1,4,6,2012-07-02 through 2012-07-08
255,115,28,2012,57,13,0,20,0,3,1,2012-07-09 through 2012-07-15
330,115,29,2012,56,16,0,29,0,2,3,2012-07-16 through 2012-07-22
411,115,30,2012,59,7,0,8,0,0,3,2012-07-23 through 2012-07-29
488,115,31,2012,37,9,0,12,0,1,2,2012-07-30 through 2012-08-05
565,115,32,2012,52,11,0,15,0,2,3,2012-08-06 through 2012-08-12
642,115,33,2012,63,21,0,27,0,6,4,2012-08-13 through 2012-08-19
719,115,34,2012,43,16,0,27,0,1,2,2012-08-20 through 2012-08-26
796,115,35,2012,58,12,0,24,0,1,3,2012-08-27 through 2012-09-02
873,115,36,2012,54,17,0,21,0,4,2,2012-09-03 through 2012-09-09
948,115,37,2012,63,14,0,18,0,3,4,2012-09-10 through 2012-09-16
1025,115,38,2012,72,13,1,16,1,1,6,2012-09-17 through 2012-09-23
1102,115,39,2012,51,15,0,18,0,6,0,2012-09-24 through 2012-09-30
1179,115,40,2012,57,18,0,24,0,2,7,2012-10-01 through 2012-10-07
1258,115,41,2012,57,16,0,17,0,4,6,2012-10-08 through 2012-10-14
1335,115,42,2012,54,15,0,18,0,4,3,2012-10-15 through 2012-10-21
1414,115,43,2012,40,9,0,12,0,1,0,2012-10-22 through 2012-10-28
1491,115,44,2012,45,13,0,14,0,3,3,2012-10-29 through 2012-11-04
1568,115,45,2012,60,20,0,26,0,2,9,2012-11-05 through 2012-11-11
1645,115,46,2012,46,13,0,14,0,1,6,2012-11-12 through 2012-11-18
1722,115,47,2012,43,13,0,15,0,5,3,2012-11-19 through 2012-11-25
1799,115,48,2012,58,10,0,10,0,2,1,2012-11-26 through 2012-12-02
1876,115,49,2012,45,10,0,12,0,1,6,2012-12-03 through 2012-12-09
1957,115,50,2012,58,13,0,18,0,2,4,2012-12-10 through 2012-12-16
2034,115,51,2012,49,8,0,10,0,1,1,2012-12-17 through 2012-12-23
2111,115,52,2012,55,16,1,28,1,2,6,2012-12-24 through 2012-12-30
2210,115,1,2013,36,12,0,20,0,1,8,2012-12-31 through 2013-01-06
2216,115,1,2013,10,2,0,5,0,1,0,2013-12-30 through 2014-01-05
2336,115,10,2013,50,8,0,11,0,0,1,2013-03-04 through 2013-03-10
2413,115,11,2013,54,13,0,16,0,2,4,2013-03-11 through 2013-03-17
2490,115,12,2013,61,12,0,17,0,4,2,2013-03-18 through 2013-03-24
2569,115,13,2013,58,13,0,14,0,0,5,2013-03-25 through 2013-03-31
2648,115,14,2013,50,7,0,11,0,0,0,2013-04-01 through 2013-04-07
2719,115,15,2013,64,18,0,23,0,2,4,2013-04-08 through 2013-04-14
2796,115,16,2013,59,12,0,17,0,0,4,2013-04-15 through 2013-04-21
2873,115,17,2013,42,15,0,17,0,6,3,2013-04-22 through 2013-04-28
2950,115,18,2013,65,14,0,15,0,7,2,2013-04-29 through 2013-05-05
3029,115,19,2013,52,14,1,16,1,3,5,2013-05-06 through 2013-05-12
3108,115,2,2013,51,10,0,15,0,2,2,2013-01-07 through 2013-01-13
3187,115,20,2013,60,12,0,18,0,1,2,2013-05-13 through 2013-05-19
3262,115,21,2013,74,17,0,21,0,1,2,2013-05-20 through 2013-05-26
3337,115,22,2013,54,19,0,31,0,3,6,2013-05-27 through 2013-06-02
3418,115,23,2013,68,16,0,21,0,7,2,2013-06-03 through 2013-06-09
3493,115,24,2013,60,17,0,20,0,5,5,2013-06-10 through 2013-06-16
3572,115,25,2013,66,19,0,33,0,4,2,2013-06-17 through 2013-06-23
3647,115,26,2013,67,21,0,34,0,3,5,2013-06-24 through 2013-06-30
3722,115,27,2013,60,19,0,32,0,3,6,2013-07-01 through 2013-07-07
3801,115,28,2013,54,16,0,17,0,4,7,2013-07-08 through 2013-07-14
3876,115,29,2013,58,13,0,13,0,2,5,2013-07-15 through 2013-07-21
3955,115,3,2013,51,8,0,10,0,1,4,2013-01-14 through 2013-01-20
4040,115,30,2013,59,19,0,24,0,3,5,2013-07-22 through 2013-07-28
4113,115,31,2013,58,14,0,18,0,2,3,2013-07-29 through 2013-08-04
4190,115,32,2013,52,11,0,17,0,0,4,2013-08-05 through 2013-08-11
4267,115,33,2013,49,7,1,10,1,1,3,2013-08-12 through 2013-08-18
4346,115,34,2013,62,13,0,17,0,3,3,2013-08-19 through 2013-08-25
4425,115,35,2013,54,10,0,13,0,4,0,2013-08-26 through 2013-09-01
4500,115,36,2013,51,12,0,18,0,3,3,2013-09-02 through 2013-09-08
4577,115,37,2013,56,11,0,14,0,4,4,2013-09-09 through 2013-09-15
4652,115,38,2013,67,17,0,24,0,4,1,2013-09-16 through 2013-09-22
4729,115,39,2013,56,12,0,14,0,3,3,2013-09-23 through 2013-09-29
4802,115,4,2013,48,9,0,16,0,1,2,2013-01-21 through 2013-01-27
4909,115,40,2013,63,13,0,15,0,3,4,2013-09-30 through 2013-10-06
4968,115,41,2013,69,12,1,14,1,1,7,2013-10-07 through 2013-10-13
5045,115,42,2013,42,16,0,20,0,2,1,2013-10-14 through 2013-10-20
5125,115,43,2013,59,16,0,26,0,2,5,2013-10-21 through 2013-10-27
5222,115,44,2013,54,7,0,11,0,1,0,2013-10-28 through 2013-11-03
5274,115,45,2013,57,11,0,14,0,1,4,2013-11-04 through 2013-11-10
5379,115,46,2013,37,6,0,10,0,1,1,2013-11-11 through 2013-11-17
5432,115,47,2013,50,14,0,15,0,0,6,2013-11-18 through 2013-11-24
5473,115,48,2013,61,10,0,11,0,1,4,2013-11-25 through 2013-12-01
5584,115,49,2013,60,17,0,25,0,0,6,2013-12-02 through 2013-12-08
5660,115,5,2013,53,7,0,8,0,0,3,2013-01-28 through 2013-02-03
5740,115,50,2013,60,8,1,8,1,1,6,2013-12-09 through 2013-12-15
5789,115,51,2013,57,10,0,16,0,0,3,2013-12-16 through 2013-12-22
5893,115,52,2013,55,13,0,28,0,1,4,2013-12-23 through 2013-12-29
5968,115,6,2013,69,13,0,15,0,1,4,2013-02-04 through 2013-02-10
6043,115,7,2013,57,9,0,9,0,1,3,2013-02-11 through 2013-02-17
6120,115,8,2013,47,10,0,14,0,0,3,2013-02-18 through 2013-02-24
6199,115,9,2013,52,13,0,25,0,1,4,2013-02-25 through 2013-03-03
6317,115,1,2014,32,8,0,10,0,1,3,2013-12-30 through 2014-01-05
6318,115,1,2014,20,7,0,10,0,1,1,2014-12-29 through 2015-01-04
6419,115,10,2014,52,9,0,10,0,0,3,2014-03-03 through 2014-03-09
6507,115,11,2014,61,4,0,6,0,0,2,2014-03-10 through 2014-03-16
6615,115,12,2014,40,8,0,11,0,0,2,2014-03-17 through 2014-03-23
6658,115,13,2014,49,8,1,10,1,0,4,2014-03-24 through 2014-03-30
6749,115,14,2014,58,10,0,10,0,1,1,2014-03-31 through 2014-04-06
6807,115,15,2014,47,12,0,19,0,1,2,2014-04-07 through 2014-04-13
6877,115,16,2014,52,7,0,14,0,1,1,2014-04-14 through 2014-04-20
6946,115,17,2014,63,8,0,13,0,0,1,2014-04-21 through 2014-04-27
7007,115,18,2014,65,13,0,19,0,2,6,2014-04-28 through 2014-05-04
7114,115,19,2014,68,14,0,19,0,3,1,2014-05-05 through 2014-05-11
7206,115,2,2014,57,14,0,16,0,0,8,2014-01-06 through 2014-01-12
7293,115,20,2014,48,10,0,11,0,2,1,2014-05-12 through 2014-05-18
7345,115,21,2014,57,15,0,20,0,4,7,2014-05-19 through 2014-05-25
7421,115,22,2014,54,15,0,24,0,1,4,2014-05-26 through 2014-06-01
7501,115,23,2014,51,8,0,8,0,1,4,2014-06-02 through 2014-06-08
7542,115,24,2014,63,14,0,21,0,2,5,2014-06-09 through 2014-06-15
7655,115,25,2014,69,16,0,17,0,2,6,2014-06-16 through 2014-06-22
7717,115,26,2014,63,11,0,13,0,1,4,2014-06-23 through 2014-06-29
7842,115,27,2014,65,15,1,18,1,2,6,2014-06-30 through 2014-07-06
7890,115,28,2014,59,11,0,16,0,0,3,2014-07-07 through 2014-07-13
7966,115,29,2014,58,14,0,17,0,3,4,2014-07-14 through 2014-07-20
8049,115,3,2014,51,10,0,13,0,2,1,2014-01-13 through 2014-01-19
8118,115,30,2014,49,6,0,8,0,2,1,2014-07-21 through 2014-07-27
8190,115,31,2014,53,12,0,13,0,1,4,2014-07-28 through 2014-08-03
8248,115,32,2014,62,12,0,15,0,3,2,2014-08-04 through 2014-08-10
8347,115,33,2014,60,14,0,16,0,1,5,2014-08-11 through 2014-08-17
8426,115,34,2014,46,9,0,12,0,1,2,2014-08-18 through 2014-08-24
8504,115,35,2014,62,9,0,10,0,2,3,2014-08-25 through 2014-08-31
8577,115,36,2014,60,10,0,14,0,4,2,2014-09-01 through 2014-09-07
8694,115,37,2014,59,11,1,12,1,3,3,2014-09-08 through 2014-09-14
8703,115,38,2014,57,15,0,18,0,6,4,2014-09-15 through 2014-09-21
8783,115,39,2014,61,12,0,18,0,2,2,2014-09-22 through 2014-09-28
8916,115,4,2014,70,10,0,11,0,1,3,2014-01-20 through 2014-01-26
8987,115,40,2014,58,18,0,22,0,4,7,2014-09-29 through 2014-10-05
9036,115,41,2014,47,9,0,13,0,2,1,2014-10-06 through 2014-10-12
9118,115,42,2014,69,14,0,25,0,7,2,2014-10-13 through 2014-10-19
9181,115,43,2014,63,16,0,18,0,3,6,2014-10-20 through 2014-10-26
9260,115,44,2014,62,12,0,14,0,2,3,2014-10-27 through 2014-11-02
9330,115,45,2014,50,11,0,13,0,4,3,2014-11-03 through 2014-11-09
9465,115,46,2014,74,23,0,33,0,3,7,2014-11-10 through 2014-11-16
9531,115,47,2014,62,10,0,12,0,2,3,2014-11-17 through 2014-11-23
9590,115,48,2014,61,14,0,17,0,3,2,2014-11-24 through 2014-11-30
9661,115,49,2014,39,11,0,12,0,2,5,2014-12-01 through 2014-12-07
9732,115,5,2014,51,9,0,16,0,0,3,2014-01-27 through 2014-02-02
9800,115,50,2014,52,7,0,8,0,1,3,2014-12-08 through 2014-12-14
9920,115,51,2014,81,18,0,24,0,0,4,2014-12-15 through 2014-12-21
9992,115,52,2014,41,9,0,15,0,0,6,2014-12-22 through 2014-12-28
10064,115,6,2014,72,7,1,11,1,0,2,2014-02-03 through 2014-02-09
10118,115,7,2014,67,11,0,12,0,0,7,2014-02-10 through 2014-02-16
10193,115,8,2014,59,13,0,16,0,0,5,2014-02-17 through 2014-02-23
10270,115,9,2014,49,7,0,7,0,0,1,2014-02-24 through 2014-03-02
10352,115,1,2015,24,4,0,4,0,0,0,2014-12-29 through 2015-01-04
10392,115,10,2015,70,11,0,14,0,0,2,2015-03-02 through 2015-03-08
10519,115,11,2015,55,15,0,19,0,3,3,2015-03-09 through 2015-03-15
10593,115,12,2015,58,13,1,18,1,1,4,2015-03-16 through 2015-03-22
10629,115,13,2015,51,11,0,22,0,1,1,2015-03-23 through 2015-03-29
10737,115,14,2015,41,5,0,9,0,1,1,2015-03-30 through 2015-04-05
10804,115,15,2015,44,6,0,6,0,4,0,2015-04-06 through 2015-04-12
10881,115,16,2015,21,2,0,2,0,0,0,2015-04-13 through 2015-04-19
10982,115,2,2015,69,7,0,8,0,1,3,2015-01-05 through 2015-01-11
11049,115,3,2015,65,12,0,16,0,0,4,2015-01-12 through 2015-01-18
11153,115,4,2015,39,7,0,7,0,0,4,2015-01-19 through 2015-01-25
11168,115,5,2015,60,12,0,18,0,0,4,2015-01-26 through 2015-02-01
11284,115,6,2015,51,7,0,7,0,0,2,2015-02-02 through 2015-02-08
11355,115,7,2015,53,7,0,10,0,0,2,2015-02-09 through 2015-02-15
11465,115,8,2015,63,5,0,6,0,1,0,2015-02-16 through 2015-02-22
11519,115,9,2015,44,7,0,12,0,0,1,2015-02-23 through 2015-03-01
