row_number,precinct,week,year,all_collisions,injury_collisions,fatal_collisions,injures,fatalities,cyclists_involved,pedestrians_involved,label
42,67,1,2012,9,2,1,4,1,0,1,2012-12-31 through 2013-01-06
113,67,26,2012,11,2,0,4,0,0,0,2012-06-25 through 2012-07-01
177,67,27,2012,62,16,0,27,0,3,5,2012-07-02 through 2012-07-08
272,67,28,2012,76,23,0,31,0,5,5,2012-07-09 through 2012-07-15
359,67,29,2012,50,13,0,15,0,4,4,2012-07-16 through 2012-07-22
440,67,30,2012,70,27,0,49,0,2,7,2012-07-23 through 2012-07-29
495,67,31,2012,54,12,0,14,0,2,3,2012-07-30 through 2012-08-05
598,67,32,2012,66,20,0,24,0,7,6,2012-08-06 through 2012-08-12
675,67,33,2012,55,20,0,28,0,2,3,2012-08-13 through 2012-08-19
696,67,34,2012,40,15,0,18,0,3,3,2012-08-20 through 2012-08-26
821,67,35,2012,84,29,0,43,0,4,7,2012-08-27 through 2012-09-02
910,67,36,2012,62,25,0,41,0,4,1,2012-09-03 through 2012-09-09
929,67,37,2012,61,22,0,29,0,2,4,2012-09-10 through 2012-09-16
1008,67,38,2012,42,13,0,16,0,2,6,2012-09-17 through 2012-09-23
1083,67,39,2012,60,16,0,19,0,3,3,2012-09-24 through 2012-09-30
1168,67,40,2012,47,18,0,31,0,2,3,2012-10-01 through 2012-10-07
1257,67,41,2012,48,17,0,18,0,3,7,2012-10-08 through 2012-10-14
1346,67,42,2012,50,14,0,23,0,2,3,2012-10-15 through 2012-10-21
1423,67,43,2012,59,19,0,31,0,1,5,2012-10-22 through 2012-10-28
1490,67,44,2012,36,8,0,9,0,1,1,2012-10-29 through 2012-11-04
1545,67,45,2012,52,16,0,21,0,1,7,2012-11-05 through 2012-11-11
1670,67,46,2012,56,18,0,22,0,1,7,2012-11-12 through 2012-11-18
1759,67,47,2012,64,14,0,25,0,0,4,2012-11-19 through 2012-11-25
1822,67,48,2012,55,19,0,23,0,2,10,2012-11-26 through 2012-12-02
1905,67,49,2012,86,23,0,36,0,0,14,2012-12-03 through 2012-12-09
1982,67,50,2012,63,21,1,24,2,3,4,2012-12-10 through 2012-12-16
2061,67,51,2012,68,25,0,30,0,1,6,2012-12-17 through 2012-12-23
2140,67,52,2012,52,16,0,26,0,1,6,2012-12-24 through 2012-12-30
2239,67,1,2013,45,9,1,14,1,0,2,2012-12-31 through 2013-01-06
2257,67,1,2013,21,5,0,7,0,0,0,2013-12-30 through 2014-01-05
2371,67,10,2013,60,18,0,23,0,0,9,2013-03-04 through 2013-03-10
2430,67,11,2013,57,16,0,20,0,0,8,2013-03-11 through 2013-03-17
2523,67,12,2013,67,20,0,25,0,1,7,2013-03-18 through 2013-03-24
2582,67,13,2013,49,12,0,25,0,0,12,2013-03-25 through 2013-03-31
2657,67,14,2013,59,16,1,22,1,0,5,2013-04-01 through 2013-04-07
2694,67,15,2013,59,21,0,43,0,0,3,2013-04-08 through 2013-04-14
2791,67,16,2013,59,22,0,32,0,1,5,2013-04-15 through 2013-04-21
2858,67,17,2013,61,19,0,23,0,2,3,2013-04-22 through 2013-04-28
2931,67,18,2013,53,13,0,20,0,1,2,2013-04-29 through 2013-05-05
3038,67,19,2013,66,20,0,27,0,1,10,2013-05-06 through 2013-05-12
3101,67,2,2013,64,25,0,41,0,2,10,2013-01-07 through 2013-01-13
3210,67,20,2013,59,15,0,18,0,1,3,2013-05-13 through 2013-05-19
3253,67,21,2013,62,28,0,48,0,1,13,2013-05-20 through 2013-05-26
3328,67,22,2013,71,18,0,29,0,3,3,2013-05-27 through 2013-06-02
3391,67,23,2013,66,18,0,35,0,1,6,2013-06-03 through 2013-06-09
3500,67,24,2013,65,19,0,27,0,4,2,2013-06-10 through 2013-06-16
3565,67,25,2013,74,23,0,34,0,5,4,2013-06-17 through 2013-06-23
3644,67,26,2013,71,18,0,30,0,3,0,2013-06-24 through 2013-06-30
3733,67,27,2013,78,26,0,43,0,2,3,2013-07-01 through 2013-07-07
3808,67,28,2013,69,15,0,26,0,2,3,2013-07-08 through 2013-07-14
3895,67,29,2013,72,27,0,46,0,5,6,2013-07-15 through 2013-07-21
3928,67,3,2013,41,13,0,16,0,0,4,2013-01-14 through 2013-01-20
4051,67,30,2013,70,22,1,30,1,1,7,2013-07-22 through 2013-07-28
4082,67,31,2013,48,14,0,22,0,2,2,2013-07-29 through 2013-08-04
4195,67,32,2013,48,15,1,21,1,2,5,2013-08-05 through 2013-08-11
4272,67,33,2013,60,20,0,30,0,1,6,2013-08-12 through 2013-08-18
4333,67,34,2013,78,29,1,45,1,7,2,2013-08-19 through 2013-08-25
4390,67,35,2013,78,28,0,47,0,5,5,2013-08-26 through 2013-09-01
4463,67,36,2013,80,27,0,49,0,2,6,2013-09-02 through 2013-09-08
4548,67,37,2013,62,23,0,35,0,0,5,2013-09-09 through 2013-09-15
4663,67,38,2013,66,28,0,42,0,2,9,2013-09-16 through 2013-09-22
4692,67,39,2013,56,19,0,26,0,0,7,2013-09-23 through 2013-09-29
4779,67,4,2013,56,14,0,25,0,1,6,2013-01-21 through 2013-01-27
4852,67,40,2013,60,16,0,20,0,1,4,2013-09-30 through 2013-10-06
4941,67,41,2013,71,20,0,36,0,3,6,2013-10-07 through 2013-10-13
5030,67,42,2013,61,20,0,38,0,1,5,2013-10-14 through 2013-10-20
5099,67,43,2013,62,14,0,24,0,2,5,2013-10-21 through 2013-10-27
5190,67,44,2013,52,15,0,23,0,1,4,2013-10-28 through 2013-11-03
5263,67,45,2013,45,11,0,17,0,1,4,2013-11-04 through 2013-11-10
5316,67,46,2013,65,15,0,18,0,3,2,2013-11-11 through 2013-11-17
5413,67,47,2013,68,18,0,23,0,2,6,2013-11-18 through 2013-11-24
5500,67,48,2013,67,18,0,31,0,1,1,2013-11-25 through 2013-12-01
5565,67,49,2013,46,15,0,26,0,0,6,2013-12-02 through 2013-12-08
5626,67,5,2013,49,18,2,29,2,0,10,2013-01-28 through 2013-02-03
5703,67,50,2013,54,10,0,15,0,1,4,2013-12-09 through 2013-12-15
5770,67,51,2013,76,19,0,39,0,0,4,2013-12-16 through 2013-12-22
5883,67,52,2013,44,13,1,19,1,1,5,2013-12-23 through 2013-12-29
5950,67,6,2013,47,13,0,17,0,0,7,2013-02-04 through 2013-02-10
6036,67,7,2013,54,15,0,20,0,1,8,2013-02-11 through 2013-02-17
6115,67,8,2013,48,10,0,19,0,0,4,2013-02-18 through 2013-02-24
6192,67,9,2013,47,11,0,19,0,0,7,2013-02-25 through 2013-03-03
6354,67,1,2014,43,10,0,14,0,0,3,2013-12-30 through 2014-01-05
6361,67,1,2014,12,1,0,1,0,0,0,2014-12-29 through 2015-01-04
6448,67,10,2014,53,14,0,16,0,1,5,2014-03-03 through 2014-03-09
6518,67,11,2014,47,10,0,16,0,0,3,2014-03-10 through 2014-03-16
6614,67,12,2014,56,18,0,28,0,0,6,2014-03-17 through 2014-03-23
6679,67,13,2014,62,23,0,33,0,0,7,2014-03-24 through 2014-03-30
6695,67,14,2014,62,20,1,34,1,2,7,2014-03-31 through 2014-04-06
6788,67,15,2014,49,11,0,15,0,0,1,2014-04-07 through 2014-04-13
6851,67,16,2014,64,17,0,31,0,1,3,2014-04-14 through 2014-04-20
6958,67,17,2014,52,15,0,18,0,0,5,2014-04-21 through 2014-04-27
7044,67,18,2014,46,14,0,23,0,1,5,2014-04-28 through 2014-05-04
7115,67,19,2014,54,12,0,17,0,1,2,2014-05-05 through 2014-05-11
7193,67,2,2014,66,21,0,39,0,0,8,2014-01-06 through 2014-01-12
7234,67,20,2014,62,17,0,26,0,0,5,2014-05-12 through 2014-05-18
7347,67,21,2014,58,10,0,10,0,1,5,2014-05-19 through 2014-05-25
7426,67,22,2014,57,18,0,29,0,1,6,2014-05-26 through 2014-06-01
7500,67,23,2014,72,28,0,49,0,1,5,2014-06-02 through 2014-06-08
7584,67,24,2014,43,10,0,15,0,1,5,2014-06-09 through 2014-06-15
7666,67,25,2014,68,18,0,20,0,1,8,2014-06-16 through 2014-06-22
7738,67,26,2014,56,15,0,18,0,0,4,2014-06-23 through 2014-06-29
7825,67,27,2014,67,19,0,28,0,2,4,2014-06-30 through 2014-07-06
7906,67,28,2014,57,20,1,31,1,1,2,2014-07-07 through 2014-07-13
7987,67,29,2014,44,17,0,20,0,3,4,2014-07-14 through 2014-07-20
8065,67,3,2014,56,10,0,22,0,0,1,2014-01-13 through 2014-01-19
8134,67,30,2014,77,23,0,38,0,3,5,2014-07-21 through 2014-07-27
8227,67,31,2014,71,22,0,27,0,3,6,2014-07-28 through 2014-08-03
8308,67,32,2014,58,20,0,35,0,5,2,2014-08-04 through 2014-08-10
8320,67,33,2014,51,10,0,16,0,5,2,2014-08-11 through 2014-08-17
8403,67,34,2014,58,18,0,27,0,2,7,2014-08-18 through 2014-08-24
8468,67,35,2014,66,20,0,40,0,4,1,2014-08-25 through 2014-08-31
8560,67,36,2014,76,18,0,27,0,0,4,2014-09-01 through 2014-09-07
8643,67,37,2014,54,14,0,24,0,1,3,2014-09-08 through 2014-09-14
8720,67,38,2014,61,16,0,30,0,2,4,2014-09-15 through 2014-09-21
8792,67,39,2014,57,17,1,19,1,4,4,2014-09-22 through 2014-09-28
8876,67,4,2014,74,21,0,31,0,0,5,2014-01-20 through 2014-01-26
8963,67,40,2014,47,11,0,12,0,0,3,2014-09-29 through 2014-10-05
9041,67,41,2014,51,16,0,39,0,0,3,2014-10-06 through 2014-10-12
9119,67,42,2014,63,15,0,24,0,1,4,2014-10-13 through 2014-10-19
9200,67,43,2014,80,23,0,30,0,2,3,2014-10-20 through 2014-10-26
9276,67,44,2014,72,20,1,26,1,1,8,2014-10-27 through 2014-11-02
9360,67,45,2014,61,16,0,28,0,0,5,2014-11-03 through 2014-11-09
9448,67,46,2014,70,20,0,31,0,2,2,2014-11-10 through 2014-11-16
9528,67,47,2014,55,10,0,15,0,0,3,2014-11-17 through 2014-11-23
9608,67,48,2014,72,23,0,35,0,3,8,2014-11-24 through 2014-11-30
9689,67,49,2014,49,19,0,23,0,0,11,2014-12-01 through 2014-12-07
9771,67,5,2014,62,16,0,24,0,1,5,2014-01-27 through 2014-02-02
9778,67,50,2014,51,13,1,18,1,0,6,2014-12-08 through 2014-12-14
9861,67,51,2014,49,14,0,22,0,0,6,2014-12-15 through 2014-12-21
9946,67,52,2014,53,18,1,24,1,0,14,2014-12-22 through 2014-12-28
10026,67,6,2014,54,11,0,22,0,1,2,2014-02-03 through 2014-02-09
10097,67,7,2014,61,16,0,18,0,0,4,2014-02-10 through 2014-02-16
10185,67,8,2014,51,12,0,14,0,0,1,2014-02-17 through 2014-02-23
10264,67,9,2014,54,20,0,27,0,0,6,2014-02-24 through 2014-03-02
10373,67,1,2015,33,11,0,16,0,0,2,2014-12-29 through 2015-01-04
10444,67,10,2015,60,9,0,10,0,0,5,2015-03-02 through 2015-03-08
10527,67,11,2015,48,6,0,11,0,0,2,2015-03-09 through 2015-03-15
10614,67,12,2015,62,16,0,21,0,2,6,2015-03-16 through 2015-03-22
10630,67,13,2015,50,14,0,23,0,0,5,2015-03-23 through 2015-03-29
10704,67,14,2015,46,8,0,13,0,0,0,2015-03-30 through 2015-04-05
10790,67,15,2015,39,7,0,8,0,0,3,2015-04-06 through 2015-04-12
10858,67,16,2015,12,1,0,2,0,0,0,2015-04-13 through 2015-04-19
11003,67,2,2015,67,19,0,53,0,1,9,2015-01-05 through 2015-01-11
11068,67,3,2015,64,19,0,35,0,2,8,2015-01-12 through 2015-01-18
11106,67,4,2015,41,6,0,17,0,0,1,2015-01-19 through 2015-01-25
11228,67,5,2015,64,9,0,10,0,1,2,2015-01-26 through 2015-02-01
11238,67,6,2015,70,19,0,23,0,0,9,2015-02-02 through 2015-02-08
11339,67,7,2015,59,20,0,23,0,2,4,2015-02-09 through 2015-02-15
11412,67,8,2015,46,8,0,13,0,0,3,2015-02-16 through 2015-02-22
11483,67,9,2015,47,14,0,29,0,0,6,2015-02-23 through 2015-03-01
