row_number,precinct,week,year,all_collisions,injury_collisions,fatal_collisions,injures,fatalities,cyclists_involved,pedestrians_involved,label
57,104,1,2012,17,3,0,7,0,1,1,2012-12-31 through 2013-01-06
145,104,26,2012,4,2,0,2,0,0,0,2012-06-25 through 2012-07-01
221,104,27,2012,45,5,0,8,0,1,1,2012-07-02 through 2012-07-08
299,104,28,2012,56,8,0,10,0,1,2,2012-07-09 through 2012-07-15
375,104,29,2012,70,8,0,8,0,2,1,2012-07-16 through 2012-07-22
454,104,30,2012,71,11,0,16,0,1,4,2012-07-23 through 2012-07-29
531,104,31,2012,57,8,0,10,0,1,1,2012-07-30 through 2012-08-05
608,104,32,2012,55,8,0,14,0,1,1,2012-08-06 through 2012-08-12
685,104,33,2012,57,11,0,12,0,1,2,2012-08-13 through 2012-08-19
762,104,34,2012,55,11,0,14,0,2,0,2012-08-20 through 2012-08-26
839,104,35,2012,55,13,0,20,0,2,5,2012-08-27 through 2012-09-02
916,104,36,2012,48,15,0,19,0,5,2,2012-09-03 through 2012-09-09
993,104,37,2012,78,17,0,17,0,3,2,2012-09-10 through 2012-09-16
1070,104,38,2012,62,10,0,12,0,0,4,2012-09-17 through 2012-09-23
1146,104,39,2012,66,10,0,16,0,0,2,2012-09-24 through 2012-09-30
1224,104,40,2012,70,16,0,17,0,2,7,2012-10-01 through 2012-10-07
1301,104,41,2012,69,8,0,8,0,1,5,2012-10-08 through 2012-10-14
1378,104,42,2012,73,11,0,19,0,0,7,2012-10-15 through 2012-10-21
1457,104,43,2012,69,13,1,14,1,1,5,2012-10-22 through 2012-10-28
1534,104,44,2012,57,10,0,14,0,0,3,2012-10-29 through 2012-11-04
1611,104,45,2012,64,9,0,10,0,1,4,2012-11-05 through 2012-11-11
1688,104,46,2012,56,8,0,10,0,0,2,2012-11-12 through 2012-11-18
1765,104,47,2012,76,17,0,38,0,1,5,2012-11-19 through 2012-11-25
1842,104,48,2012,62,13,0,17,0,1,3,2012-11-26 through 2012-12-02
1919,104,49,2012,62,10,0,12,0,0,6,2012-12-03 through 2012-12-09
1923,104,50,2012,77,12,0,13,0,1,5,2012-12-10 through 2012-12-16
1998,104,51,2012,82,10,0,13,0,1,6,2012-12-17 through 2012-12-23
2075,104,52,2012,45,11,0,13,0,0,5,2012-12-24 through 2012-12-30
2290,104,1,2013,36,5,0,5,0,1,3,2012-12-31 through 2013-01-06
2295,104,1,2013,16,1,0,1,0,0,1,2013-12-30 through 2014-01-05
2375,104,10,2013,84,13,0,22,0,0,1,2013-03-04 through 2013-03-10
2453,104,11,2013,75,13,0,16,0,0,5,2013-03-11 through 2013-03-17
2530,104,12,2013,64,8,0,10,0,0,5,2013-03-18 through 2013-03-24
2607,104,13,2013,60,12,0,17,0,0,2,2013-03-25 through 2013-03-31
2684,104,14,2013,67,8,0,11,0,0,4,2013-04-01 through 2013-04-07
2761,104,15,2013,72,12,0,19,0,2,3,2013-04-08 through 2013-04-14
2838,104,16,2013,79,14,0,20,0,0,3,2013-04-15 through 2013-04-21
2914,104,17,2013,63,12,0,20,0,1,3,2013-04-22 through 2013-04-28
2991,104,18,2013,70,12,0,22,0,1,2,2013-04-29 through 2013-05-05
3068,104,19,2013,67,11,0,12,0,1,3,2013-05-06 through 2013-05-12
3146,104,2,2013,65,14,1,25,1,1,5,2013-01-07 through 2013-01-13
3222,104,20,2013,66,7,0,11,0,0,1,2013-05-13 through 2013-05-19
3299,104,21,2013,75,15,0,20,0,2,1,2013-05-20 through 2013-05-26
3377,104,22,2013,73,11,0,15,0,1,5,2013-05-27 through 2013-06-02
3454,104,23,2013,76,14,0,20,0,1,5,2013-06-03 through 2013-06-09
3531,104,24,2013,74,13,0,14,0,4,0,2013-06-10 through 2013-06-16
3609,104,25,2013,57,10,0,16,0,1,3,2013-06-17 through 2013-06-23
3686,104,26,2013,58,10,0,24,0,1,0,2013-06-24 through 2013-06-30
3764,104,27,2013,54,9,0,11,0,1,1,2013-07-01 through 2013-07-07
3840,104,28,2013,67,14,0,22,0,1,1,2013-07-08 through 2013-07-14
3917,104,29,2013,89,13,0,25,0,1,2,2013-07-15 through 2013-07-21
3993,104,3,2013,60,9,1,11,1,0,6,2013-01-14 through 2013-01-20
4073,104,30,2013,55,6,0,14,0,1,0,2013-07-22 through 2013-07-28
4149,104,31,2013,73,11,0,14,0,0,1,2013-07-29 through 2013-08-04
4226,104,32,2013,59,8,0,11,0,3,1,2013-08-05 through 2013-08-11
4303,104,33,2013,58,7,0,8,0,0,0,2013-08-12 through 2013-08-18
4380,104,34,2013,49,7,0,13,0,1,2,2013-08-19 through 2013-08-25
4458,104,35,2013,61,18,0,19,0,3,7,2013-08-26 through 2013-09-01
4535,104,36,2013,63,15,0,17,0,5,3,2013-09-02 through 2013-09-08
4611,104,37,2013,85,13,0,20,0,3,8,2013-09-09 through 2013-09-15
4689,104,38,2013,67,13,0,17,0,1,2,2013-09-16 through 2013-09-22
4766,104,39,2013,45,7,0,9,0,1,3,2013-09-23 through 2013-09-29
4840,104,4,2013,47,8,0,8,0,0,3,2013-01-21 through 2013-01-27
4919,104,40,2013,61,12,0,14,0,0,5,2013-09-30 through 2013-10-06
4998,104,41,2013,67,9,0,10,0,2,1,2013-10-07 through 2013-10-13
5074,104,42,2013,62,10,0,13,0,0,3,2013-10-14 through 2013-10-20
5152,104,43,2013,63,10,0,15,0,0,4,2013-10-21 through 2013-10-27
5229,104,44,2013,69,11,0,12,0,1,7,2013-10-28 through 2013-11-03
5307,104,45,2013,57,11,0,13,0,2,2,2013-11-04 through 2013-11-10
5384,104,46,2013,51,9,0,10,0,1,1,2013-11-11 through 2013-11-17
5461,104,47,2013,74,13,0,17,0,0,1,2013-11-18 through 2013-11-24
5538,104,48,2013,71,13,0,18,0,0,6,2013-11-25 through 2013-12-01
5540,104,49,2013,66,8,0,11,0,0,2,2013-12-02 through 2013-12-08
5629,104,5,2013,62,12,0,15,0,0,3,2013-01-28 through 2013-02-03
5696,104,50,2013,85,12,0,12,0,0,7,2013-12-09 through 2013-12-15
5771,104,51,2013,84,8,0,12,0,0,2,2013-12-16 through 2013-12-22
5848,104,52,2013,49,4,0,6,0,0,1,2013-12-23 through 2013-12-29
5925,104,6,2013,73,13,0,16,0,0,4,2013-02-04 through 2013-02-10
6002,104,7,2013,56,7,0,10,0,1,2,2013-02-11 through 2013-02-17
6081,104,8,2013,46,8,0,11,0,2,3,2013-02-18 through 2013-02-24
6158,104,9,2013,49,9,0,10,0,0,5,2013-02-25 through 2013-03-03
6368,104,1,2014,34,3,0,4,0,0,1,2013-12-30 through 2014-01-05
6369,104,1,2014,18,1,0,1,0,0,0,2014-12-29 through 2015-01-04
6452,104,10,2014,62,7,1,8,1,2,5,2014-03-03 through 2014-03-09
6529,104,11,2014,77,7,0,8,0,0,3,2014-03-10 through 2014-03-16
6605,104,12,2014,64,12,0,13,0,2,3,2014-03-17 through 2014-03-23
6687,104,13,2014,54,12,0,18,0,0,3,2014-03-24 through 2014-03-30
6762,104,14,2014,70,9,0,9,0,0,4,2014-03-31 through 2014-04-06
6840,104,15,2014,61,14,0,17,0,1,2,2014-04-07 through 2014-04-13
6919,104,16,2014,45,2,0,2,0,0,0,2014-04-14 through 2014-04-20
6989,104,17,2014,67,6,0,6,0,1,1,2014-04-21 through 2014-04-27
7069,104,18,2014,66,10,0,13,0,2,4,2014-04-28 through 2014-05-04
7144,104,19,2014,76,9,0,10,0,0,3,2014-05-05 through 2014-05-11
7224,104,2,2014,64,10,0,11,0,0,4,2014-01-06 through 2014-01-12
7300,104,20,2014,71,10,0,15,0,0,3,2014-05-12 through 2014-05-18
7375,104,21,2014,49,11,0,15,0,0,5,2014-05-19 through 2014-05-25
7452,104,22,2014,77,14,0,20,0,0,3,2014-05-26 through 2014-06-01
7529,104,23,2014,82,9,0,10,0,0,0,2014-06-02 through 2014-06-08
7606,104,24,2014,74,6,0,7,0,2,0,2014-06-09 through 2014-06-15
7684,104,25,2014,64,15,0,23,0,1,5,2014-06-16 through 2014-06-22
7764,104,26,2014,73,16,0,22,0,2,2,2014-06-23 through 2014-06-29
7840,104,27,2014,58,9,0,12,0,2,0,2014-06-30 through 2014-07-06
7919,104,28,2014,56,8,0,10,0,2,3,2014-07-07 through 2014-07-13
7994,104,29,2014,64,15,1,17,1,4,1,2014-07-14 through 2014-07-20
8072,104,3,2014,47,10,0,14,0,0,5,2014-01-13 through 2014-01-19
8153,104,30,2014,63,13,1,17,1,2,2,2014-07-21 through 2014-07-27
8226,104,31,2014,66,8,0,14,0,0,4,2014-07-28 through 2014-08-03
8307,104,32,2014,61,10,0,19,0,1,2,2014-08-04 through 2014-08-10
8383,104,33,2014,50,15,0,18,0,2,1,2014-08-11 through 2014-08-17
8461,104,34,2014,55,11,1,14,1,0,5,2014-08-18 through 2014-08-24
8538,104,35,2014,69,9,0,9,0,2,4,2014-08-25 through 2014-08-31
8613,104,36,2014,62,12,0,17,0,1,3,2014-09-01 through 2014-09-07
8689,104,37,2014,88,11,0,16,0,2,4,2014-09-08 through 2014-09-14
8767,104,38,2014,58,11,0,12,0,3,1,2014-09-15 through 2014-09-21
8841,104,39,2014,59,15,0,19,0,1,1,2014-09-22 through 2014-09-28
8921,104,4,2014,67,9,0,12,0,0,3,2014-01-20 through 2014-01-26
8998,104,40,2014,65,12,0,14,0,2,2,2014-09-29 through 2014-10-05
9078,104,41,2014,65,8,0,12,0,0,3,2014-10-06 through 2014-10-12
9154,104,42,2014,58,9,0,12,0,1,2,2014-10-13 through 2014-10-19
9233,104,43,2014,72,13,0,15,0,1,5,2014-10-20 through 2014-10-26
9311,104,44,2014,69,9,0,10,0,0,2,2014-10-27 through 2014-11-02
9388,104,45,2014,60,13,0,15,0,1,5,2014-11-03 through 2014-11-09
9464,104,46,2014,62,10,0,15,0,0,2,2014-11-10 through 2014-11-16
9542,104,47,2014,75,16,0,24,0,2,2,2014-11-17 through 2014-11-23
9619,104,48,2014,56,7,0,15,0,1,1,2014-11-24 through 2014-11-30
9620,104,49,2014,47,9,0,10,0,0,2,2014-12-01 through 2014-12-07
9698,104,5,2014,58,6,0,6,0,1,0,2014-01-27 through 2014-02-02
9774,104,50,2014,63,9,0,11,0,0,4,2014-12-08 through 2014-12-14
9851,104,51,2014,69,12,0,19,0,2,2,2014-12-15 through 2014-12-21
9928,104,52,2014,62,7,0,7,0,0,1,2014-12-22 through 2014-12-28
10008,104,6,2014,78,5,0,6,0,0,2,2014-02-03 through 2014-02-09
10085,104,7,2014,53,1,0,5,0,0,0,2014-02-10 through 2014-02-16
10159,104,8,2014,69,10,0,15,0,1,3,2014-02-17 through 2014-02-23
10237,104,9,2014,63,9,0,9,0,1,6,2014-02-24 through 2014-03-02
10377,104,1,2015,21,0,0,0,0,0,0,2014-12-29 through 2015-01-04
10453,104,10,2015,76,6,0,8,0,0,1,2015-03-02 through 2015-03-08
10531,104,11,2015,69,8,0,10,0,0,1,2015-03-09 through 2015-03-15
10603,104,12,2015,49,12,0,17,0,1,2,2015-03-16 through 2015-03-22
10685,104,13,2015,42,8,0,11,0,0,2,2015-03-23 through 2015-03-29
10757,104,14,2015,54,7,0,15,0,0,1,2015-03-30 through 2015-04-05
10839,104,15,2015,56,8,0,14,0,1,1,2015-04-06 through 2015-04-12
10912,104,16,2015,18,4,0,5,0,2,1,2015-04-13 through 2015-04-19
10992,104,2,2015,77,7,0,8,0,1,2,2015-01-05 through 2015-01-11
11076,104,3,2015,95,6,0,8,0,0,2,2015-01-12 through 2015-01-18
11152,104,4,2015,64,3,0,5,0,0,0,2015-01-19 through 2015-01-25
11160,104,5,2015,63,6,0,7,0,0,3,2015-01-26 through 2015-02-01
11239,104,6,2015,66,1,1,1,1,1,1,2015-02-02 through 2015-02-08
11315,104,7,2015,59,9,0,11,0,2,1,2015-02-09 through 2015-02-15
11391,104,8,2015,53,9,0,12,0,1,1,2015-02-16 through 2015-02-22
11471,104,9,2015,47,6,0,9,0,0,1,2015-02-23 through 2015-03-01
