row_number,precinct,week,year,all_collisions,injury_collisions,fatal_collisions,injures,fatalities,cyclists_involved,pedestrians_involved,label
48,50,1,2012,4,1,0,1,0,0,1,2012-12-31 through 2013-01-06
153,50,27,2012,25,3,0,4,0,0,0,2012-07-02 through 2012-07-08
228,50,28,2012,16,3,0,4,0,0,0,2012-07-09 through 2012-07-15
323,50,29,2012,27,5,0,6,0,0,3,2012-07-16 through 2012-07-22
414,50,30,2012,21,4,0,6,0,0,0,2012-07-23 through 2012-07-29
487,50,31,2012,22,4,0,5,0,1,1,2012-07-30 through 2012-08-05
564,50,32,2012,32,5,0,9,0,0,1,2012-08-06 through 2012-08-12
649,50,33,2012,22,1,0,2,0,0,2,2012-08-13 through 2012-08-19
724,50,34,2012,26,4,0,6,0,0,1,2012-08-20 through 2012-08-26
803,50,35,2012,17,1,0,3,0,0,0,2012-08-27 through 2012-09-02
842,50,36,2012,18,3,0,3,0,0,1,2012-09-03 through 2012-09-09
969,50,37,2012,26,6,0,6,0,0,2,2012-09-10 through 2012-09-16
1026,50,38,2012,19,3,0,3,0,0,0,2012-09-17 through 2012-09-23
1123,50,39,2012,27,4,0,4,0,0,0,2012-09-24 through 2012-09-30
1186,50,40,2012,26,3,0,3,0,0,3,2012-10-01 through 2012-10-07
1243,50,41,2012,24,4,0,4,0,0,1,2012-10-08 through 2012-10-14
1308,50,42,2012,32,5,0,6,0,0,3,2012-10-15 through 2012-10-21
1405,50,43,2012,23,4,0,5,0,0,1,2012-10-22 through 2012-10-28
1480,50,44,2012,16,3,0,3,0,0,0,2012-10-29 through 2012-11-04
1555,50,45,2012,31,6,0,6,0,0,3,2012-11-05 through 2012-11-11
1644,50,46,2012,30,9,0,11,0,0,2,2012-11-12 through 2012-11-18
1729,50,47,2012,19,3,0,11,0,1,1,2012-11-19 through 2012-11-25
1782,50,48,2012,18,2,0,2,0,0,2,2012-11-26 through 2012-12-02
1877,50,49,2012,22,5,0,7,0,0,2,2012-12-03 through 2012-12-09
1954,50,50,2012,22,3,0,5,0,0,1,2012-12-10 through 2012-12-16
2043,50,51,2012,29,4,0,5,0,0,2,2012-12-17 through 2012-12-23
2092,50,52,2012,19,2,0,2,0,0,1,2012-12-24 through 2012-12-30
2153,50,1,2013,3,0,0,0,0,0,0,2013-12-30 through 2014-01-05
2243,50,1,2013,19,3,0,3,0,1,0,2012-12-31 through 2013-01-06
2321,50,10,2013,27,3,0,3,0,0,2,2013-03-04 through 2013-03-10
2432,50,11,2013,26,1,0,1,0,0,1,2013-03-11 through 2013-03-17
2463,50,12,2013,20,1,0,1,0,0,1,2013-03-18 through 2013-03-24
2558,50,13,2013,22,6,0,6,0,0,2,2013-03-25 through 2013-03-31
2635,50,14,2013,19,1,0,1,0,0,1,2013-04-01 through 2013-04-07
2738,50,15,2013,22,5,0,8,0,1,1,2013-04-08 through 2013-04-14
2779,50,16,2013,39,6,0,7,0,0,3,2013-04-15 through 2013-04-21
2890,50,17,2013,17,4,0,5,0,0,0,2013-04-22 through 2013-04-28
2929,50,18,2013,16,3,0,6,0,0,0,2013-04-29 through 2013-05-05
3048,50,19,2013,25,4,0,6,0,0,3,2013-05-06 through 2013-05-12
3133,50,2,2013,23,2,0,3,0,0,1,2013-01-07 through 2013-01-13
3182,50,20,2013,33,8,0,10,0,1,2,2013-05-13 through 2013-05-19
3285,50,21,2013,28,8,0,13,0,0,4,2013-05-20 through 2013-05-26
3360,50,22,2013,19,3,0,10,0,0,0,2013-05-27 through 2013-06-02
3407,50,23,2013,20,2,0,2,0,0,1,2013-06-03 through 2013-06-09
3476,50,24,2013,20,3,0,6,0,1,0,2013-06-10 through 2013-06-16
3541,50,25,2013,19,3,0,5,0,0,0,2013-06-17 through 2013-06-23
3618,50,26,2013,21,2,0,3,0,0,0,2013-06-24 through 2013-06-30
3729,50,27,2013,25,5,0,7,0,1,1,2013-07-01 through 2013-07-07
3806,50,28,2013,27,5,0,12,0,0,0,2013-07-08 through 2013-07-14
3875,50,29,2013,26,6,0,7,0,0,2,2013-07-15 through 2013-07-21
3970,50,3,2013,11,4,0,10,0,0,1,2013-01-14 through 2013-01-20
4021,50,30,2013,26,6,0,10,0,1,3,2013-07-22 through 2013-07-28
4100,50,31,2013,24,4,0,4,0,0,2,2013-07-29 through 2013-08-04
4202,50,32,2013,19,2,0,6,0,1,0,2013-08-05 through 2013-08-11
4261,50,33,2013,22,6,0,7,0,0,0,2013-08-12 through 2013-08-18
4338,50,34,2013,21,3,0,3,0,0,2,2013-08-19 through 2013-08-25
4417,50,35,2013,22,4,0,8,0,1,0,2013-08-26 through 2013-09-01
4522,50,36,2013,31,8,0,19,0,1,1,2013-09-02 through 2013-09-08
4602,50,37,2013,32,5,0,7,0,0,1,2013-09-09 through 2013-09-15
4686,50,38,2013,21,9,0,10,0,0,4,2013-09-16 through 2013-09-22
4761,50,39,2013,28,6,0,6,0,0,0,2013-09-23 through 2013-09-29
4841,50,4,2013,17,1,0,1,0,0,1,2013-01-21 through 2013-01-27
4855,50,40,2013,20,1,0,1,0,0,0,2013-09-30 through 2013-10-06
4940,50,41,2013,23,6,0,7,0,0,1,2013-10-07 through 2013-10-13
5031,50,42,2013,20,5,0,8,0,0,0,2013-10-14 through 2013-10-20
5145,50,43,2013,26,6,0,10,0,0,3,2013-10-21 through 2013-10-27
5161,50,44,2013,19,2,0,2,0,0,1,2013-10-28 through 2013-11-03
5236,50,45,2013,29,4,1,5,1,0,3,2013-11-04 through 2013-11-10
5355,50,46,2013,29,8,0,11,0,0,2,2013-11-11 through 2013-11-17
5438,50,47,2013,11,1,0,5,0,0,0,2013-11-18 through 2013-11-24
5505,50,48,2013,28,2,0,3,0,0,0,2013-11-25 through 2013-12-01
5595,50,49,2013,21,1,0,1,0,0,0,2013-12-02 through 2013-12-08
5672,50,5,2013,40,6,0,6,0,0,3,2013-01-28 through 2013-02-03
5698,50,50,2013,28,5,0,6,0,0,2,2013-12-09 through 2013-12-15
5835,50,51,2013,24,2,0,2,0,0,1,2013-12-16 through 2013-12-22
5908,50,52,2013,16,1,0,1,0,1,0,2013-12-23 through 2013-12-29
5996,50,6,2013,41,6,0,6,0,0,1,2013-02-04 through 2013-02-10
6075,50,7,2013,26,5,0,5,0,0,2,2013-02-11 through 2013-02-17
6150,50,8,2013,15,2,0,2,0,0,1,2013-02-18 through 2013-02-24
6168,50,9,2013,25,2,0,2,0,0,0,2013-02-25 through 2013-03-03
6275,50,1,2014,14,1,0,1,0,0,0,2013-12-30 through 2014-01-05
6285,50,1,2014,8,2,0,2,0,0,1,2014-12-29 through 2015-01-04
6427,50,10,2014,22,5,0,6,0,0,2,2014-03-03 through 2014-03-09
6499,50,11,2014,14,1,0,1,0,0,0,2014-03-10 through 2014-03-16
6580,50,12,2014,18,1,0,1,0,0,1,2014-03-17 through 2014-03-23
6665,50,13,2014,13,3,1,6,1,0,2,2014-03-24 through 2014-03-30
6745,50,14,2014,27,3,0,3,0,0,3,2014-03-31 through 2014-04-06
6822,50,15,2014,30,7,0,17,0,0,2,2014-04-07 through 2014-04-13
6889,50,16,2014,14,4,0,4,0,0,2,2014-04-14 through 2014-04-20
6980,50,17,2014,22,4,0,5,0,0,4,2014-04-21 through 2014-04-27
7060,50,18,2014,35,4,0,4,0,0,2,2014-04-28 through 2014-05-04
7138,50,19,2014,15,1,0,1,0,0,0,2014-05-05 through 2014-05-11
7216,50,2,2014,17,1,0,1,0,0,0,2014-01-06 through 2014-01-12
7303,50,20,2014,25,6,0,7,0,0,3,2014-05-12 through 2014-05-18
7372,50,21,2014,16,2,1,3,1,0,1,2014-05-19 through 2014-05-25
7455,50,22,2014,22,3,0,3,0,0,2,2014-05-26 through 2014-06-01
7532,50,23,2014,29,5,0,5,0,0,4,2014-06-02 through 2014-06-08
7592,50,24,2014,21,2,0,2,0,1,0,2014-06-09 through 2014-06-15
7625,50,25,2014,28,7,0,9,0,1,3,2014-06-16 through 2014-06-22
7721,50,26,2014,28,5,0,7,0,1,1,2014-06-23 through 2014-06-29
7785,50,27,2014,28,9,0,14,0,2,3,2014-06-30 through 2014-07-06
7879,50,28,2014,22,4,0,4,0,2,2,2014-07-07 through 2014-07-13
7960,50,29,2014,15,3,0,3,0,2,1,2014-07-14 through 2014-07-20
8029,50,3,2014,23,6,0,8,0,0,2,2014-01-13 through 2014-01-19
8117,50,30,2014,29,8,0,10,0,0,2,2014-07-21 through 2014-07-27
8197,50,31,2014,23,2,0,2,0,0,0,2014-07-28 through 2014-08-03
8265,50,32,2014,28,4,0,7,0,0,0,2014-08-04 through 2014-08-10
8362,50,33,2014,21,4,0,5,0,0,1,2014-08-11 through 2014-08-17
8440,50,34,2014,16,3,0,8,0,0,2,2014-08-18 through 2014-08-24
8503,50,35,2014,31,3,0,5,0,0,0,2014-08-25 through 2014-08-31
8599,50,36,2014,25,8,0,11,0,3,0,2014-09-01 through 2014-09-07
8676,50,37,2014,28,10,0,15,0,0,2,2014-09-08 through 2014-09-14
8761,50,38,2014,25,3,0,7,0,1,4,2014-09-15 through 2014-09-21
8847,50,39,2014,35,4,0,4,0,1,0,2014-09-22 through 2014-09-28
8918,50,4,2014,40,5,0,10,0,0,1,2014-01-20 through 2014-01-26
8935,50,40,2014,24,3,0,3,0,0,1,2014-09-29 through 2014-10-05
9012,50,41,2014,24,7,0,7,0,1,1,2014-10-06 through 2014-10-12
9103,50,42,2014,29,4,0,4,0,0,2,2014-10-13 through 2014-10-19
9163,50,43,2014,26,5,1,14,1,0,10,2014-10-20 through 2014-10-26
9271,50,44,2014,19,1,0,2,0,0,0,2014-10-27 through 2014-11-02
9349,50,45,2014,23,6,0,9,0,0,4,2014-11-03 through 2014-11-09
9431,50,46,2014,21,4,0,6,0,0,1,2014-11-10 through 2014-11-16
9507,50,47,2014,28,3,0,3,0,0,2,2014-11-17 through 2014-11-23
9583,50,48,2014,15,5,0,7,0,1,3,2014-11-24 through 2014-11-30
9665,50,49,2014,24,6,0,6,0,1,2,2014-12-01 through 2014-12-07
9743,50,5,2014,29,6,0,7,0,0,1,2014-01-27 through 2014-02-02
9826,50,50,2014,30,3,0,3,0,0,2,2014-12-08 through 2014-12-14
9910,50,51,2014,28,2,0,2,0,0,1,2014-12-15 through 2014-12-21
9975,50,52,2014,25,5,0,7,0,0,2,2014-12-22 through 2014-12-28
10070,50,6,2014,29,0,0,0,0,0,0,2014-02-03 through 2014-02-09
10157,50,7,2014,27,4,0,4,0,0,2,2014-02-10 through 2014-02-16
10224,50,8,2014,21,0,0,0,0,0,0,2014-02-17 through 2014-02-23
10246,50,9,2014,25,3,0,3,0,0,1,2014-02-24 through 2014-03-02
10337,50,1,2015,13,1,0,1,0,0,0,2014-12-29 through 2015-01-04
10420,50,10,2015,25,2,0,3,0,0,0,2015-03-02 through 2015-03-08
10484,50,11,2015,41,2,0,2,0,0,1,2015-03-09 through 2015-03-15
10574,50,12,2015,21,7,0,9,0,0,1,2015-03-16 through 2015-03-22
10654,50,13,2015,28,4,0,6,0,0,0,2015-03-23 through 2015-03-29
10736,50,14,2015,20,7,1,8,1,2,3,2015-03-30 through 2015-04-05
10816,50,15,2015,24,2,0,3,0,0,1,2015-04-06 through 2015-04-12
10859,50,16,2015,13,2,0,2,0,0,1,2015-04-13 through 2015-04-19
10976,50,2,2015,32,5,0,5,0,0,3,2015-01-05 through 2015-01-11
11013,50,3,2015,44,6,0,7,0,1,1,2015-01-12 through 2015-01-18
11136,50,4,2015,20,1,0,1,0,0,1,2015-01-19 through 2015-01-25
11202,50,5,2015,10,2,0,2,0,0,0,2015-01-26 through 2015-02-01
11298,50,6,2015,26,2,0,2,0,0,1,2015-02-02 through 2015-02-08
11350,50,7,2015,29,5,0,6,0,0,1,2015-02-09 through 2015-02-15
11429,50,8,2015,36,3,0,3,0,0,1,2015-02-16 through 2015-02-22
11480,50,9,2015,20,2,0,2,0,0,1,2015-02-23 through 2015-03-01
