row_number,precinct,week,year,all_collisions,injury_collisions,fatal_collisions,injures,fatalities,cyclists_involved,pedestrians_involved,label
9,112,1,2012,3,0,0,0,0,0,0,2012-12-31 through 2013-01-06
80,112,26,2012,6,0,0,0,0,0,0,2012-06-25 through 2012-07-01
154,112,27,2012,41,5,0,6,0,0,1,2012-07-02 through 2012-07-08
231,112,28,2012,45,9,1,10,1,2,4,2012-07-09 through 2012-07-15
308,112,29,2012,45,11,0,12,0,3,3,2012-07-16 through 2012-07-22
387,112,30,2012,48,5,0,5,0,1,3,2012-07-23 through 2012-07-29
464,112,31,2012,41,7,0,7,0,2,3,2012-07-30 through 2012-08-05
543,112,32,2012,43,7,0,9,0,0,1,2012-08-06 through 2012-08-12
618,112,33,2012,38,7,0,11,0,0,4,2012-08-13 through 2012-08-19
695,112,34,2012,51,4,0,5,0,0,2,2012-08-20 through 2012-08-26
772,112,35,2012,34,6,0,11,0,0,2,2012-08-27 through 2012-09-02
849,112,36,2012,35,3,0,3,0,1,0,2012-09-03 through 2012-09-09
926,112,37,2012,57,3,0,5,0,0,1,2012-09-10 through 2012-09-16
1003,112,38,2012,31,2,0,4,0,0,1,2012-09-17 through 2012-09-23
1080,112,39,2012,42,7,0,10,0,0,2,2012-09-24 through 2012-09-30
1157,112,40,2012,41,8,0,8,0,1,3,2012-10-01 through 2012-10-07
1236,112,41,2012,24,3,0,3,0,0,0,2012-10-08 through 2012-10-14
1311,112,42,2012,50,6,0,10,0,0,2,2012-10-15 through 2012-10-21
1390,112,43,2012,35,5,0,5,0,0,4,2012-10-22 through 2012-10-28
1467,112,44,2012,27,4,0,5,0,1,0,2012-10-29 through 2012-11-04
1544,112,45,2012,34,7,0,8,0,0,2,2012-11-05 through 2012-11-11
1621,112,46,2012,45,12,0,12,0,2,6,2012-11-12 through 2012-11-18
1698,112,47,2012,49,7,1,7,1,2,2,2012-11-19 through 2012-11-25
1775,112,48,2012,44,3,0,3,0,0,1,2012-11-26 through 2012-12-02
1852,112,49,2012,52,9,0,9,0,0,5,2012-12-03 through 2012-12-09
1931,112,50,2012,41,4,0,4,0,0,1,2012-12-10 through 2012-12-16
2008,112,51,2012,44,11,0,11,0,1,4,2012-12-17 through 2012-12-23
2085,112,52,2012,36,6,0,6,0,0,5,2012-12-24 through 2012-12-30
2156,112,1,2013,34,7,1,10,1,0,2,2012-12-31 through 2013-01-06
2160,112,1,2013,10,1,0,1,0,0,0,2013-12-30 through 2014-01-05
2308,112,10,2013,36,11,0,12,0,1,6,2013-03-04 through 2013-03-10
2385,112,11,2013,43,5,0,5,0,1,0,2013-03-11 through 2013-03-17
2462,112,12,2013,51,8,0,12,0,0,3,2013-03-18 through 2013-03-24
2541,112,13,2013,33,3,0,3,0,0,2,2013-03-25 through 2013-03-31
2616,112,14,2013,27,5,0,6,0,0,2,2013-04-01 through 2013-04-07
2693,112,15,2013,43,5,0,5,0,0,3,2013-04-08 through 2013-04-14
2770,112,16,2013,32,6,0,7,0,0,5,2013-04-15 through 2013-04-21
2847,112,17,2013,35,8,0,9,0,2,3,2013-04-22 through 2013-04-28
2932,112,18,2013,49,5,0,10,0,1,0,2013-04-29 through 2013-05-05
3003,112,19,2013,42,6,0,9,0,1,0,2013-05-06 through 2013-05-12
3078,112,2,2013,34,4,0,5,0,0,2,2013-01-07 through 2013-01-13
3157,112,20,2013,44,6,0,8,0,0,2,2013-05-13 through 2013-05-19
3234,112,21,2013,45,6,0,7,0,1,0,2013-05-20 through 2013-05-26
3309,112,22,2013,46,6,0,12,0,0,1,2013-05-27 through 2013-06-02
3386,112,23,2013,51,6,0,6,0,0,1,2013-06-03 through 2013-06-09
3461,112,24,2013,48,3,0,3,0,0,1,2013-06-10 through 2013-06-16
3542,112,25,2013,41,4,0,4,0,1,1,2013-06-17 through 2013-06-23
3621,112,26,2013,54,9,0,10,0,0,3,2013-06-24 through 2013-06-30
3696,112,27,2013,40,9,0,10,0,2,1,2013-07-01 through 2013-07-07
3773,112,28,2013,42,4,0,5,0,0,1,2013-07-08 through 2013-07-14
3850,112,29,2013,41,3,0,6,0,0,0,2013-07-15 through 2013-07-21
3927,112,3,2013,37,6,0,7,0,0,1,2013-01-14 through 2013-01-20
4010,112,30,2013,35,9,0,12,0,1,4,2013-07-22 through 2013-07-28
4083,112,31,2013,51,7,0,7,0,1,0,2013-07-29 through 2013-08-04
4162,112,32,2013,40,8,0,10,0,1,4,2013-08-05 through 2013-08-11
4235,112,33,2013,42,5,1,8,1,0,0,2013-08-12 through 2013-08-18
4314,112,34,2013,22,4,0,5,0,1,0,2013-08-19 through 2013-08-25
4393,112,35,2013,42,11,0,17,0,3,1,2013-08-26 through 2013-09-01
4466,112,36,2013,45,12,0,17,0,0,5,2013-09-02 through 2013-09-08
4547,112,37,2013,44,7,0,9,0,0,4,2013-09-09 through 2013-09-15
4622,112,38,2013,44,8,1,14,1,0,3,2013-09-16 through 2013-09-22
4701,112,39,2013,44,10,0,14,0,0,6,2013-09-23 through 2013-09-29
4776,112,4,2013,31,6,0,8,0,0,3,2013-01-21 through 2013-01-27
4853,112,40,2013,39,9,0,17,0,1,1,2013-09-30 through 2013-10-06
4932,112,41,2013,50,12,0,26,0,1,6,2013-10-07 through 2013-10-13
5011,112,42,2013,52,7,0,11,0,0,1,2013-10-14 through 2013-10-20
5090,112,43,2013,50,7,0,10,0,0,1,2013-10-21 through 2013-10-27
5163,112,44,2013,48,7,0,7,0,0,2,2013-10-28 through 2013-11-03
5246,112,45,2013,47,9,0,9,0,1,5,2013-11-04 through 2013-11-10
5319,112,46,2013,43,5,0,6,0,0,5,2013-11-11 through 2013-11-17
5398,112,47,2013,51,8,0,8,0,1,4,2013-11-18 through 2013-11-24
5481,112,48,2013,50,10,0,13,0,0,2,2013-11-25 through 2013-12-01
5554,112,49,2013,48,12,0,17,0,1,7,2013-12-02 through 2013-12-08
5625,112,5,2013,36,3,0,3,0,1,1,2013-01-28 through 2013-02-03
5708,112,50,2013,50,6,0,7,0,1,2,2013-12-09 through 2013-12-15
5785,112,51,2013,75,7,0,7,0,0,2,2013-12-16 through 2013-12-22
5862,112,52,2013,33,3,0,3,0,0,3,2013-12-23 through 2013-12-29
5937,112,6,2013,44,4,0,4,0,0,1,2013-02-04 through 2013-02-10
6010,112,7,2013,40,5,0,10,0,0,2,2013-02-11 through 2013-02-17
6091,112,8,2013,40,3,0,3,0,0,1,2013-02-18 through 2013-02-24
6170,112,9,2013,26,3,0,3,0,1,1,2013-02-25 through 2013-03-03
6239,112,1,2014,27,3,0,4,0,0,3,2013-12-30 through 2014-01-05
6241,112,1,2014,24,1,0,1,0,0,1,2014-12-29 through 2015-01-04
6397,112,10,2014,36,8,0,8,0,0,4,2014-03-03 through 2014-03-09
6468,112,11,2014,36,9,0,14,0,0,4,2014-03-10 through 2014-03-16
6543,112,12,2014,34,5,0,7,0,1,1,2014-03-17 through 2014-03-23
6624,112,13,2014,48,7,0,9,0,0,5,2014-03-24 through 2014-03-30
6699,112,14,2014,46,8,0,13,0,0,5,2014-03-31 through 2014-04-06
6774,112,15,2014,41,1,0,1,0,0,0,2014-04-07 through 2014-04-13
6855,112,16,2014,31,8,0,11,0,0,1,2014-04-14 through 2014-04-20
6936,112,17,2014,38,7,0,8,0,2,1,2014-04-21 through 2014-04-27
7011,112,18,2014,48,10,1,11,1,0,6,2014-04-28 through 2014-05-04
7086,112,19,2014,48,5,0,6,0,1,0,2014-05-05 through 2014-05-11
7163,112,2,2014,32,5,0,5,0,0,4,2014-01-06 through 2014-01-12
7242,112,20,2014,46,5,0,5,0,0,4,2014-05-12 through 2014-05-18
7321,112,21,2014,43,6,1,10,1,0,1,2014-05-19 through 2014-05-25
7390,112,22,2014,40,8,0,8,0,0,3,2014-05-26 through 2014-06-01
7477,112,23,2014,45,6,0,6,0,0,1,2014-06-02 through 2014-06-08
7546,112,24,2014,44,5,0,9,0,0,0,2014-06-09 through 2014-06-15
7629,112,25,2014,44,8,0,13,0,0,2,2014-06-16 through 2014-06-22
7702,112,26,2014,41,7,0,11,0,1,4,2014-06-23 through 2014-06-29
7781,112,27,2014,37,4,0,4,0,0,1,2014-06-30 through 2014-07-06
7858,112,28,2014,46,5,0,6,0,0,3,2014-07-07 through 2014-07-13
7935,112,29,2014,43,9,0,13,0,1,0,2014-07-14 through 2014-07-20
8019,112,3,2014,43,7,0,8,0,1,4,2014-01-13 through 2014-01-19
8096,112,30,2014,46,8,0,11,0,0,1,2014-07-21 through 2014-07-27
8170,112,31,2014,50,4,1,5,1,2,1,2014-07-28 through 2014-08-03
8245,112,32,2014,59,6,0,7,0,1,1,2014-08-04 through 2014-08-10
8326,112,33,2014,54,13,0,20,0,0,4,2014-08-11 through 2014-08-17
8400,112,34,2014,58,7,0,8,0,1,2,2014-08-18 through 2014-08-24
8477,112,35,2014,58,12,0,14,0,0,1,2014-08-25 through 2014-08-31
8551,112,36,2014,47,6,0,6,0,0,1,2014-09-01 through 2014-09-07
8628,112,37,2014,48,8,0,10,0,2,1,2014-09-08 through 2014-09-14
8709,112,38,2014,51,8,0,10,0,0,1,2014-09-15 through 2014-09-21
8782,112,39,2014,39,5,0,7,0,2,0,2014-09-22 through 2014-09-28
8861,112,4,2014,52,5,0,5,0,0,1,2014-01-20 through 2014-01-26
8937,112,40,2014,64,13,0,20,0,0,3,2014-09-29 through 2014-10-05
9013,112,41,2014,48,8,0,15,0,0,6,2014-10-06 through 2014-10-12
9093,112,42,2014,43,9,0,13,0,0,3,2014-10-13 through 2014-10-19
9167,112,43,2014,42,4,0,6,0,0,0,2014-10-20 through 2014-10-26
9249,112,44,2014,45,9,0,18,0,1,1,2014-10-27 through 2014-11-02
9327,112,45,2014,56,8,0,10,0,0,1,2014-11-03 through 2014-11-09
9402,112,46,2014,41,6,0,6,0,0,6,2014-11-10 through 2014-11-16
9475,112,47,2014,47,8,0,9,0,0,4,2014-11-17 through 2014-11-23
9554,112,48,2014,41,4,0,5,0,1,1,2014-11-24 through 2014-11-30
9630,112,49,2014,56,11,0,12,0,0,11,2014-12-01 through 2014-12-07
9713,112,5,2014,33,6,0,7,0,0,1,2014-01-27 through 2014-02-02
9790,112,50,2014,48,7,0,9,0,0,3,2014-12-08 through 2014-12-14
9862,112,51,2014,42,6,0,7,0,0,0,2014-12-15 through 2014-12-21
9939,112,52,2014,44,8,0,10,0,0,4,2014-12-22 through 2014-12-28
10015,112,6,2014,42,4,0,6,0,0,2,2014-02-03 through 2014-02-09
10092,112,7,2014,48,2,0,3,0,0,2,2014-02-10 through 2014-02-16
10167,112,8,2014,35,9,0,16,0,0,3,2014-02-17 through 2014-02-23
10249,112,9,2014,45,7,0,12,0,0,2,2014-02-24 through 2014-03-02
10314,112,1,2015,15,2,0,3,0,0,0,2014-12-29 through 2015-01-04
10394,112,10,2015,44,2,0,2,0,0,2,2015-03-02 through 2015-03-08
10471,112,11,2015,36,5,0,8,0,1,1,2015-03-09 through 2015-03-15
10546,112,12,2015,46,9,0,11,0,0,2,2015-03-16 through 2015-03-22
10625,112,13,2015,46,7,0,9,0,1,0,2015-03-23 through 2015-03-29
10701,112,14,2015,53,9,0,16,0,0,2,2015-03-30 through 2015-04-05
10781,112,15,2015,37,4,0,4,0,1,0,2015-04-06 through 2015-04-12
10855,112,16,2015,18,4,0,6,0,0,2,2015-04-13 through 2015-04-19
10932,112,2,2015,50,9,0,10,0,2,1,2015-01-05 through 2015-01-11
11016,112,3,2015,65,17,0,25,0,0,6,2015-01-12 through 2015-01-18
11088,112,4,2015,38,2,0,2,0,0,2,2015-01-19 through 2015-01-25
11174,112,5,2015,32,3,0,4,0,0,1,2015-01-26 through 2015-02-01
11250,112,6,2015,51,6,0,11,0,0,0,2015-02-02 through 2015-02-08
11379,112,7,2015,37,4,0,5,0,0,2,2015-02-09 through 2015-02-15
11444,112,8,2015,33,7,0,12,0,0,2,2015-02-16 through 2015-02-22
11478,112,9,2015,32,1,0,1,0,0,0,2015-02-23 through 2015-03-01
