row_number,precinct,week,year,all_collisions,injury_collisions,fatal_collisions,injures,fatalities,cyclists_involved,pedestrians_involved,label
41,33,1,2012,3,0,0,0,0,0,0,2012-12-31 through 2013-01-06
110,33,26,2012,1,0,0,0,0,0,0,2012-06-25 through 2012-07-01
182,33,27,2012,27,5,0,7,0,1,0,2012-07-02 through 2012-07-08
259,33,28,2012,25,5,0,9,0,1,0,2012-07-09 through 2012-07-15
336,33,29,2012,25,5,0,8,0,1,0,2012-07-16 through 2012-07-22
417,33,30,2012,25,10,0,15,0,0,2,2012-07-23 through 2012-07-29
494,33,31,2012,26,9,0,14,0,1,2,2012-07-30 through 2012-08-05
571,33,32,2012,21,2,0,4,0,1,0,2012-08-06 through 2012-08-12
648,33,33,2012,21,3,0,5,0,0,0,2012-08-13 through 2012-08-19
725,33,34,2012,22,4,0,4,0,2,1,2012-08-20 through 2012-08-26
802,33,35,2012,39,6,0,6,0,0,4,2012-08-27 through 2012-09-02
877,33,36,2012,25,4,0,10,0,1,0,2012-09-03 through 2012-09-09
954,33,37,2012,20,4,0,4,0,1,2,2012-09-10 through 2012-09-16
1029,33,38,2012,20,6,0,6,0,0,2,2012-09-17 through 2012-09-23
1106,33,39,2012,28,3,0,4,0,0,2,2012-09-24 through 2012-09-30
1183,33,40,2012,24,6,0,11,0,0,3,2012-10-01 through 2012-10-07
1262,33,41,2012,21,1,0,1,0,0,0,2012-10-08 through 2012-10-14
1339,33,42,2012,21,5,0,14,0,0,3,2012-10-15 through 2012-10-21
1418,33,43,2012,16,4,0,7,0,0,2,2012-10-22 through 2012-10-28
1495,33,44,2012,29,2,0,4,0,0,1,2012-10-29 through 2012-11-04
1572,33,45,2012,21,4,0,4,0,0,4,2012-11-05 through 2012-11-11
1649,33,46,2012,19,2,0,4,0,0,1,2012-11-12 through 2012-11-18
1726,33,47,2012,26,5,0,11,0,1,1,2012-11-19 through 2012-11-25
1803,33,48,2012,23,5,0,9,0,0,2,2012-11-26 through 2012-12-02
1880,33,49,2012,37,10,0,11,0,0,5,2012-12-03 through 2012-12-09
1961,33,50,2012,19,2,0,2,0,1,1,2012-12-10 through 2012-12-16
2038,33,51,2012,26,4,0,6,0,0,2,2012-12-17 through 2012-12-23
2115,33,52,2012,24,3,0,4,0,0,1,2012-12-24 through 2012-12-30
2226,33,1,2013,9,1,0,1,0,0,0,2012-12-31 through 2013-01-06
2228,33,1,2013,4,0,0,0,0,0,0,2013-12-30 through 2014-01-05
2342,33,10,2013,30,2,0,2,0,1,0,2013-03-04 through 2013-03-10
2419,33,11,2013,21,4,0,6,0,0,3,2013-03-11 through 2013-03-17
2496,33,12,2013,21,6,0,7,0,0,5,2013-03-18 through 2013-03-24
2575,33,13,2013,15,3,0,5,0,0,1,2013-03-25 through 2013-03-31
2654,33,14,2013,22,2,0,8,0,0,0,2013-04-01 through 2013-04-07
2725,33,15,2013,30,7,0,11,0,0,3,2013-04-08 through 2013-04-14
2802,33,16,2013,26,2,0,2,0,0,1,2013-04-15 through 2013-04-21
2879,33,17,2013,19,5,0,6,0,0,3,2013-04-22 through 2013-04-28
2956,33,18,2013,19,0,0,0,0,0,0,2013-04-29 through 2013-05-05
3035,33,19,2013,25,5,0,5,0,0,4,2013-05-06 through 2013-05-12
3114,33,2,2013,24,3,0,3,0,0,1,2013-01-07 through 2013-01-13
3191,33,20,2013,18,2,0,3,0,0,0,2013-05-13 through 2013-05-19
3268,33,21,2013,22,2,0,2,0,0,1,2013-05-20 through 2013-05-26
3343,33,22,2013,43,9,0,9,0,1,4,2013-05-27 through 2013-06-02
3424,33,23,2013,28,9,0,14,0,0,7,2013-06-03 through 2013-06-09
3497,33,24,2013,27,7,0,11,0,1,2,2013-06-10 through 2013-06-16
3576,33,25,2013,39,8,0,14,0,1,3,2013-06-17 through 2013-06-23
3651,33,26,2013,23,2,0,2,0,0,0,2013-06-24 through 2013-06-30
3730,33,27,2013,27,9,0,10,0,1,1,2013-07-01 through 2013-07-07
3809,33,28,2013,33,8,0,10,0,1,0,2013-07-08 through 2013-07-14
3882,33,29,2013,22,7,0,14,0,1,2,2013-07-15 through 2013-07-21
3961,33,3,2013,28,6,0,7,0,0,4,2013-01-14 through 2013-01-20
4046,33,30,2013,29,4,0,7,0,1,0,2013-07-22 through 2013-07-28
4119,33,31,2013,21,6,0,7,0,1,4,2013-07-29 through 2013-08-04
4200,33,32,2013,20,8,0,12,0,0,5,2013-08-05 through 2013-08-11
4277,33,33,2013,18,1,0,4,0,0,0,2013-08-12 through 2013-08-18
4354,33,34,2013,21,6,0,9,0,0,3,2013-08-19 through 2013-08-25
4433,33,35,2013,15,4,0,4,0,1,1,2013-08-26 through 2013-09-01
4506,33,36,2013,17,5,0,8,0,2,1,2013-09-02 through 2013-09-08
4555,33,37,2013,20,4,0,7,0,0,1,2013-09-09 through 2013-09-15
4658,33,38,2013,29,7,0,9,0,0,4,2013-09-16 through 2013-09-22
4733,33,39,2013,27,2,0,2,0,0,1,2013-09-23 through 2013-09-29
4808,33,4,2013,23,4,0,7,0,0,2,2013-01-21 through 2013-01-27
4889,33,40,2013,19,8,0,11,0,1,3,2013-09-30 through 2013-10-06
4971,33,41,2013,21,4,0,6,0,1,0,2013-10-07 through 2013-10-13
5048,33,42,2013,19,2,1,2,1,1,2,2013-10-14 through 2013-10-20
5137,33,43,2013,22,4,0,6,0,0,1,2013-10-21 through 2013-10-27
5200,33,44,2013,17,2,0,3,0,0,0,2013-10-28 through 2013-11-03
5288,33,45,2013,22,3,0,3,0,1,1,2013-11-04 through 2013-11-10
5356,33,46,2013,16,3,0,5,0,0,0,2013-11-11 through 2013-11-17
5434,33,47,2013,26,5,0,8,0,0,2,2013-11-18 through 2013-11-24
5511,33,48,2013,31,6,0,6,0,0,3,2013-11-25 through 2013-12-01
5587,33,49,2013,28,8,0,10,0,2,3,2013-12-02 through 2013-12-08
5663,33,5,2013,31,7,0,11,0,0,2,2013-01-28 through 2013-02-03
5710,33,50,2013,24,5,0,11,0,0,3,2013-12-09 through 2013-12-15
5783,33,51,2013,25,6,0,6,0,1,2,2013-12-16 through 2013-12-22
5919,33,52,2013,20,5,0,7,0,1,1,2013-12-23 through 2013-12-29
5972,33,6,2013,23,4,0,4,0,0,2,2013-02-04 through 2013-02-10
6045,33,7,2013,15,3,0,3,0,0,2,2013-02-11 through 2013-02-17
6122,33,8,2013,20,4,0,5,0,0,1,2013-02-18 through 2013-02-24
6214,33,9,2013,21,4,0,4,0,0,1,2013-02-25 through 2013-03-03
6287,33,1,2014,4,0,0,0,0,0,0,2014-12-29 through 2015-01-04
6303,33,1,2014,8,2,0,8,0,0,1,2013-12-30 through 2014-01-05
6409,33,10,2014,22,4,0,4,0,0,4,2014-03-03 through 2014-03-09
6464,33,11,2014,23,6,0,7,0,0,4,2014-03-10 through 2014-03-16
6609,33,12,2014,19,4,0,4,0,1,2,2014-03-17 through 2014-03-23
6685,33,13,2014,25,2,0,2,0,0,2,2014-03-24 through 2014-03-30
6739,33,14,2014,36,7,0,7,0,2,0,2014-03-31 through 2014-04-06
6833,33,15,2014,24,6,0,10,0,1,1,2014-04-07 through 2014-04-13
6890,33,16,2014,25,4,0,4,0,1,3,2014-04-14 through 2014-04-20
6976,33,17,2014,16,2,0,2,0,0,1,2014-04-21 through 2014-04-27
7046,33,18,2014,26,5,0,7,0,0,1,2014-04-28 through 2014-05-04
7123,33,19,2014,27,3,0,7,0,0,0,2014-05-05 through 2014-05-11
7215,33,2,2014,25,3,0,3,0,0,3,2014-01-06 through 2014-01-12
7273,33,20,2014,20,0,0,0,0,0,0,2014-05-12 through 2014-05-18
7313,33,21,2014,20,1,0,1,0,0,0,2014-05-19 through 2014-05-25
7418,33,22,2014,19,3,0,4,0,1,1,2014-05-26 through 2014-06-01
7489,33,23,2014,23,4,0,5,0,1,0,2014-06-02 through 2014-06-08
7562,33,24,2014,19,5,0,5,0,0,2,2014-06-09 through 2014-06-15
7659,33,25,2014,20,1,0,1,0,0,0,2014-06-16 through 2014-06-22
7716,33,26,2014,34,8,0,9,0,1,1,2014-06-23 through 2014-06-29
7810,33,27,2014,18,3,0,6,0,0,1,2014-06-30 through 2014-07-06
7923,33,28,2014,23,5,0,5,0,0,1,2014-07-07 through 2014-07-13
7986,33,29,2014,20,6,0,10,0,0,0,2014-07-14 through 2014-07-20
8064,33,3,2014,25,5,0,6,0,0,3,2014-01-13 through 2014-01-19
8091,33,30,2014,26,3,0,3,0,2,0,2014-07-21 through 2014-07-27
8202,33,31,2014,29,5,0,7,0,1,2,2014-07-28 through 2014-08-03
8271,33,32,2014,23,2,0,2,0,1,0,2014-08-04 through 2014-08-10
8359,33,33,2014,22,1,0,1,0,0,1,2014-08-11 through 2014-08-17
8428,33,34,2014,25,7,0,10,0,2,2,2014-08-18 through 2014-08-24
8466,33,35,2014,22,2,0,3,0,0,0,2014-08-25 through 2014-08-31
8571,33,36,2014,26,2,0,3,0,1,0,2014-09-01 through 2014-09-07
8639,33,37,2014,35,2,0,2,0,0,0,2014-09-08 through 2014-09-14
8711,33,38,2014,21,1,0,1,0,0,0,2014-09-15 through 2014-09-21
8789,33,39,2014,28,3,0,3,0,1,1,2014-09-22 through 2014-09-28
8914,33,4,2014,29,7,0,9,0,0,5,2014-01-20 through 2014-01-26
9001,33,40,2014,31,5,0,5,0,2,2,2014-09-29 through 2014-10-05
9059,33,41,2014,15,3,0,6,0,0,1,2014-10-06 through 2014-10-12
9134,33,42,2014,22,5,0,6,0,1,1,2014-10-13 through 2014-10-19
9207,33,43,2014,26,3,0,3,0,1,0,2014-10-20 through 2014-10-26
9279,33,44,2014,33,6,0,10,0,0,4,2014-10-27 through 2014-11-02
9354,33,45,2014,25,3,0,3,0,1,2,2014-11-03 through 2014-11-09
9423,33,46,2014,24,2,0,2,0,0,2,2014-11-10 through 2014-11-16
9508,33,47,2014,32,5,0,7,0,0,2,2014-11-17 through 2014-11-23
9544,33,48,2014,31,6,0,9,0,0,3,2014-11-24 through 2014-11-30
9650,33,49,2014,24,1,0,1,0,0,1,2014-12-01 through 2014-12-07
9724,33,5,2014,17,2,0,2,0,0,2,2014-01-27 through 2014-02-02
9793,33,50,2014,16,5,0,5,0,0,4,2014-12-08 through 2014-12-14
9897,33,51,2014,19,3,0,4,0,1,1,2014-12-15 through 2014-12-21
10002,33,52,2014,20,3,0,3,0,1,0,2014-12-22 through 2014-12-28
10079,33,6,2014,22,1,0,1,0,1,0,2014-02-03 through 2014-02-09
10138,33,7,2014,22,5,0,5,0,1,3,2014-02-10 through 2014-02-16
10213,33,8,2014,24,6,0,9,0,0,4,2014-02-17 through 2014-02-23
10287,33,9,2014,27,3,0,3,0,1,1,2014-02-24 through 2014-03-02
10327,33,1,2015,11,3,0,3,0,0,0,2014-12-29 through 2015-01-04
10405,33,10,2015,24,3,0,4,0,0,1,2015-03-02 through 2015-03-08
10517,33,11,2015,22,2,0,3,0,0,0,2015-03-09 through 2015-03-15
10619,33,12,2015,21,3,0,4,0,0,2,2015-03-16 through 2015-03-22
10672,33,13,2015,17,2,0,2,0,0,1,2015-03-23 through 2015-03-29
10750,33,14,2015,31,4,0,4,0,0,3,2015-03-30 through 2015-04-05
10820,33,15,2015,19,2,0,2,0,1,1,2015-04-06 through 2015-04-12
10892,33,16,2015,5,0,0,0,0,0,0,2015-04-13 through 2015-04-19
10965,33,2,2015,20,2,0,2,0,0,1,2015-01-05 through 2015-01-11
11063,33,3,2015,26,1,0,2,0,0,2,2015-01-12 through 2015-01-18
11146,33,4,2015,22,3,0,3,0,0,2,2015-01-19 through 2015-01-25
11183,33,5,2015,12,0,0,0,0,0,0,2015-01-26 through 2015-02-01
11302,33,6,2015,27,4,0,4,0,1,2,2015-02-02 through 2015-02-08
11368,33,7,2015,22,4,0,4,0,0,1,2015-02-09 through 2015-02-15
11430,33,8,2015,29,4,0,4,0,0,0,2015-02-16 through 2015-02-22
11470,33,9,2015,21,1,0,1,0,0,0,2015-02-23 through 2015-03-01
