row_number,precinct,week,year,all_collisions,injury_collisions,fatal_collisions,injures,fatalities,cyclists_involved,pedestrians_involved,label
142,101,26,2012,2,1,0,1,0,0,0,2012-06-25 through 2012-07-01
223,101,27,2012,17,2,0,2,0,0,1,2012-07-02 through 2012-07-08
301,101,28,2012,14,4,0,4,0,2,0,2012-07-09 through 2012-07-15
379,101,29,2012,12,5,0,9,0,0,2,2012-07-16 through 2012-07-22
381,101,30,2012,15,3,0,4,0,0,2,2012-07-23 through 2012-07-29
460,101,31,2012,19,3,0,4,0,0,0,2012-07-30 through 2012-08-05
535,101,32,2012,11,3,0,8,0,0,0,2012-08-06 through 2012-08-12
614,101,33,2012,10,2,0,3,0,0,1,2012-08-13 through 2012-08-19
691,101,34,2012,15,4,0,5,0,0,3,2012-08-20 through 2012-08-26
770,101,35,2012,10,2,0,4,0,0,0,2012-08-27 through 2012-09-02
845,101,36,2012,13,3,0,8,0,0,1,2012-09-03 through 2012-09-09
922,101,37,2012,16,5,0,7,0,1,3,2012-09-10 through 2012-09-16
1001,101,38,2012,13,1,0,1,0,0,0,2012-09-17 through 2012-09-23
1078,101,39,2012,6,1,0,1,0,0,1,2012-09-24 through 2012-09-30
1155,101,40,2012,16,5,0,7,0,0,2,2012-10-01 through 2012-10-07
1234,101,41,2012,10,0,0,0,0,0,0,2012-10-08 through 2012-10-14
1313,101,42,2012,15,6,0,7,0,3,3,2012-10-15 through 2012-10-21
1392,101,43,2012,5,0,0,0,0,0,0,2012-10-22 through 2012-10-28
1469,101,44,2012,2,1,0,1,0,0,0,2012-10-29 through 2012-11-04
1548,101,45,2012,6,0,0,0,0,0,0,2012-11-05 through 2012-11-11
1625,101,46,2012,13,1,0,1,0,1,0,2012-11-12 through 2012-11-18
1702,101,47,2012,21,5,0,8,0,0,2,2012-11-19 through 2012-11-25
1779,101,48,2012,16,6,0,8,0,1,3,2012-11-26 through 2012-12-02
1856,101,49,2012,16,4,0,5,0,0,1,2012-12-03 through 2012-12-09
1937,101,50,2012,11,2,0,2,0,0,1,2012-12-10 through 2012-12-16
2014,101,51,2012,16,5,0,5,0,0,3,2012-12-17 through 2012-12-23
2093,101,52,2012,12,4,0,4,0,0,0,2012-12-24 through 2012-12-30
2288,101,1,2013,9,2,0,2,0,0,1,2012-12-31 through 2013-01-06
2296,101,1,2013,7,3,0,4,0,0,0,2013-12-30 through 2014-01-05
2376,101,10,2013,13,4,0,10,0,0,1,2013-03-04 through 2013-03-10
2454,101,11,2013,14,4,0,4,0,0,2,2013-03-11 through 2013-03-17
2531,101,12,2013,16,1,0,1,0,0,1,2013-03-18 through 2013-03-24
2608,101,13,2013,14,5,0,8,0,2,2,2013-03-25 through 2013-03-31
2685,101,14,2013,7,1,0,1,0,0,1,2013-04-01 through 2013-04-07
2762,101,15,2013,11,1,0,1,0,0,0,2013-04-08 through 2013-04-14
2840,101,16,2013,14,4,0,4,0,0,0,2013-04-15 through 2013-04-21
2917,101,17,2013,11,5,0,8,0,0,2,2013-04-22 through 2013-04-28
2993,101,18,2013,9,2,0,2,0,0,1,2013-04-29 through 2013-05-05
3070,101,19,2013,16,3,0,3,0,0,1,2013-05-06 through 2013-05-12
3148,101,2,2013,13,2,0,2,0,0,0,2013-01-07 through 2013-01-13
3225,101,20,2013,13,1,0,1,0,0,1,2013-05-13 through 2013-05-19
3301,101,21,2013,21,6,0,8,0,0,1,2013-05-20 through 2013-05-26
3379,101,22,2013,17,3,0,5,0,2,0,2013-05-27 through 2013-06-02
3457,101,23,2013,21,6,0,15,0,0,0,2013-06-03 through 2013-06-09
3534,101,24,2013,13,2,0,2,0,0,1,2013-06-10 through 2013-06-16
3612,101,25,2013,12,4,0,5,0,0,1,2013-06-17 through 2013-06-23
3689,101,26,2013,24,3,0,4,0,1,1,2013-06-24 through 2013-06-30
3767,101,27,2013,20,11,0,16,0,0,1,2013-07-01 through 2013-07-07
3844,101,28,2013,10,2,0,2,0,0,0,2013-07-08 through 2013-07-14
3921,101,29,2013,17,7,0,11,0,0,4,2013-07-15 through 2013-07-21
3998,101,3,2013,9,1,0,1,0,0,1,2013-01-14 through 2013-01-20
4002,101,30,2013,11,0,0,0,0,0,0,2013-07-22 through 2013-07-28
4079,101,31,2013,11,4,0,5,0,0,2,2013-07-29 through 2013-08-04
4156,101,32,2013,18,7,0,9,0,0,3,2013-08-05 through 2013-08-11
4231,101,33,2013,12,1,0,3,0,0,0,2013-08-12 through 2013-08-18
4310,101,34,2013,19,6,1,6,2,1,1,2013-08-19 through 2013-08-25
4389,101,35,2013,13,4,0,5,0,0,1,2013-08-26 through 2013-09-01
4462,101,36,2013,15,3,0,7,0,0,0,2013-09-02 through 2013-09-08
4541,101,37,2013,13,5,0,6,0,1,1,2013-09-09 through 2013-09-15
4620,101,38,2013,10,3,0,3,0,0,1,2013-09-16 through 2013-09-22
4699,101,39,2013,11,4,0,6,0,0,2,2013-09-23 through 2013-09-29
4774,101,4,2013,12,0,0,0,0,0,0,2013-01-21 through 2013-01-27
4851,101,40,2013,11,1,0,1,0,0,0,2013-09-30 through 2013-10-06
4934,101,41,2013,16,5,0,9,0,0,1,2013-10-07 through 2013-10-13
5013,101,42,2013,12,4,0,6,0,0,0,2013-10-14 through 2013-10-20
5094,101,43,2013,12,4,0,5,0,0,2,2013-10-21 through 2013-10-27
5167,101,44,2013,13,4,0,4,0,0,3,2013-10-28 through 2013-11-03
5250,101,45,2013,18,4,0,4,0,1,1,2013-11-04 through 2013-11-10
5323,101,46,2013,20,6,0,14,0,0,0,2013-11-11 through 2013-11-17
5402,101,47,2013,16,6,0,9,0,1,0,2013-11-18 through 2013-11-24
5485,101,48,2013,12,2,0,2,0,1,1,2013-11-25 through 2013-12-01
5560,101,49,2013,15,4,0,7,0,1,0,2013-12-02 through 2013-12-08
5645,101,5,2013,17,3,0,3,0,0,2,2013-01-28 through 2013-02-03
5718,101,50,2013,12,2,0,2,0,0,1,2013-12-09 through 2013-12-15
5797,101,51,2013,12,5,0,7,0,0,1,2013-12-16 through 2013-12-22
5872,101,52,2013,8,2,0,2,0,0,2,2013-12-23 through 2013-12-29
5947,101,6,2013,10,2,0,2,0,0,2,2013-02-04 through 2013-02-10
6022,101,7,2013,24,4,0,11,0,0,2,2013-02-11 through 2013-02-17
6103,101,8,2013,12,2,0,2,0,0,1,2013-02-18 through 2013-02-24
6182,101,9,2013,18,7,0,9,0,0,3,2013-02-25 through 2013-03-03
6370,101,1,2014,6,0,0,0,0,0,0,2013-12-30 through 2014-01-05
6371,101,1,2014,5,0,0,0,0,0,0,2014-12-29 through 2015-01-04
6453,101,10,2014,16,6,0,9,0,0,2,2014-03-03 through 2014-03-09
6531,101,11,2014,14,5,0,5,0,0,2,2014-03-10 through 2014-03-16
6606,101,12,2014,17,5,0,9,0,0,2,2014-03-17 through 2014-03-23
6688,101,13,2014,11,5,0,8,0,0,3,2014-03-24 through 2014-03-30
6763,101,14,2014,11,2,0,2,0,1,0,2014-03-31 through 2014-04-06
6842,101,15,2014,12,1,0,1,0,0,1,2014-04-07 through 2014-04-13
6921,101,16,2014,9,1,0,1,0,0,1,2014-04-14 through 2014-04-20
6995,101,17,2014,12,2,0,2,0,1,0,2014-04-21 through 2014-04-27
7072,101,18,2014,16,5,0,6,0,0,2,2014-04-28 through 2014-05-04
7148,101,19,2014,9,3,0,6,0,0,1,2014-05-05 through 2014-05-11
7227,101,2,2014,12,1,0,2,0,0,0,2014-01-06 through 2014-01-12
7305,101,20,2014,13,1,0,1,0,0,0,2014-05-12 through 2014-05-18
7382,101,21,2014,13,1,0,1,0,0,0,2014-05-19 through 2014-05-25
7457,101,22,2014,9,1,0,2,0,0,0,2014-05-26 through 2014-06-01
7534,101,23,2014,15,4,0,7,0,1,1,2014-06-02 through 2014-06-08
7612,101,24,2014,12,5,0,24,0,1,1,2014-06-09 through 2014-06-15
7691,101,25,2014,22,5,0,12,0,0,1,2014-06-16 through 2014-06-22
7768,101,26,2014,24,8,0,10,0,2,4,2014-06-23 through 2014-06-29
7848,101,27,2014,13,1,1,3,1,0,0,2014-06-30 through 2014-07-06
7925,101,28,2014,12,2,0,4,0,1,0,2014-07-07 through 2014-07-13
8002,101,29,2014,12,2,0,2,0,0,2,2014-07-14 through 2014-07-20
8079,101,3,2014,12,1,0,2,0,0,0,2014-01-13 through 2014-01-19
8085,101,30,2014,14,4,0,4,0,0,1,2014-07-21 through 2014-07-27
8162,101,31,2014,16,3,0,3,0,1,1,2014-07-28 through 2014-08-03
8241,101,32,2014,19,4,0,4,0,2,1,2014-08-04 through 2014-08-10
8322,101,33,2014,15,5,0,12,0,1,2,2014-08-11 through 2014-08-17
8395,101,34,2014,16,5,0,9,0,2,0,2014-08-18 through 2014-08-24
8472,101,35,2014,18,6,0,7,0,0,3,2014-08-25 through 2014-08-31
8549,101,36,2014,10,5,0,5,0,0,1,2014-09-01 through 2014-09-07
8627,101,37,2014,17,3,0,4,0,1,1,2014-09-08 through 2014-09-14
8707,101,38,2014,12,1,0,1,0,1,0,2014-09-15 through 2014-09-21
8781,101,39,2014,13,2,0,3,0,0,1,2014-09-22 through 2014-09-28
8860,101,4,2014,8,1,0,1,0,0,0,2014-01-20 through 2014-01-26
8936,101,40,2014,14,1,0,1,0,0,0,2014-09-29 through 2014-10-05
9014,101,41,2014,12,2,0,3,0,0,0,2014-10-06 through 2014-10-12
9094,101,42,2014,16,3,0,3,0,0,1,2014-10-13 through 2014-10-19
9171,101,43,2014,6,3,0,4,0,0,2,2014-10-20 through 2014-10-26
9252,101,44,2014,6,2,0,2,0,0,1,2014-10-27 through 2014-11-02
9331,101,45,2014,10,2,0,2,0,0,1,2014-11-03 through 2014-11-09
9407,101,46,2014,10,2,0,2,0,0,0,2014-11-10 through 2014-11-16
9479,101,47,2014,22,7,0,7,0,0,4,2014-11-17 through 2014-11-23
9561,101,48,2014,11,0,0,0,0,0,0,2014-11-24 through 2014-11-30
9636,101,49,2014,12,2,0,2,0,0,1,2014-12-01 through 2014-12-07
9717,101,5,2014,17,4,0,4,0,0,2,2014-01-27 through 2014-02-02
9796,101,50,2014,16,4,0,5,0,0,1,2014-12-08 through 2014-12-14
9870,101,51,2014,18,4,0,4,0,0,3,2014-12-15 through 2014-12-21
9948,101,52,2014,13,1,0,4,0,0,0,2014-12-22 through 2014-12-28
10024,101,6,2014,24,2,0,2,0,0,2,2014-02-03 through 2014-02-09
10102,101,7,2014,23,5,0,8,0,0,0,2014-02-10 through 2014-02-16
10176,101,8,2014,11,3,0,3,0,0,0,2014-02-17 through 2014-02-23
10311,101,9,2014,9,0,0,0,0,0,0,2014-02-24 through 2014-03-02
10379,101,1,2015,9,3,0,6,0,0,1,2014-12-29 through 2015-01-04
10455,101,10,2015,17,0,0,0,0,0,0,2015-03-02 through 2015-03-08
10533,101,11,2015,13,2,0,3,0,0,1,2015-03-09 through 2015-03-15
10605,101,12,2015,9,1,0,2,0,0,0,2015-03-16 through 2015-03-22
10687,101,13,2015,16,2,0,2,0,0,1,2015-03-23 through 2015-03-29
10759,101,14,2015,13,4,0,4,0,0,1,2015-03-30 through 2015-04-05
10843,101,15,2015,5,2,0,2,0,0,1,2015-04-06 through 2015-04-12
10919,101,16,2015,7,1,0,1,0,0,0,2015-04-13 through 2015-04-19
10997,101,2,2015,19,4,0,6,0,0,3,2015-01-05 through 2015-01-11
11006,101,3,2015,20,3,0,4,0,0,1,2015-01-12 through 2015-01-18
11087,101,4,2015,9,1,0,1,0,0,0,2015-01-19 through 2015-01-25
11179,101,5,2015,16,3,1,5,1,0,2,2015-01-26 through 2015-02-01
11253,101,6,2015,21,2,0,5,0,0,1,2015-02-02 through 2015-02-08
11353,101,7,2015,20,3,0,3,0,0,2,2015-02-09 through 2015-02-15
11401,101,8,2015,20,5,0,5,0,0,1,2015-02-16 through 2015-02-22
11523,101,9,2015,9,3,0,6,0,0,0,2015-02-23 through 2015-03-01
