row_number,precinct,week,year,all_collisions,injury_collisions,fatal_collisions,injures,fatalities,cyclists_involved,pedestrians_involved,label
44,73,1,2012,6,2,0,2,0,0,2,2012-12-31 through 2013-01-06
125,73,26,2012,3,1,0,1,0,1,0,2012-06-25 through 2012-07-01
197,73,27,2012,45,14,0,22,0,0,4,2012-07-02 through 2012-07-08
288,73,28,2012,32,8,0,14,0,0,2,2012-07-09 through 2012-07-15
369,73,29,2012,37,14,1,19,1,2,5,2012-07-16 through 2012-07-22
384,73,30,2012,35,13,0,29,0,2,1,2012-07-23 through 2012-07-29
459,73,31,2012,32,11,0,18,0,2,2,2012-07-30 through 2012-08-05
546,73,32,2012,29,10,0,11,0,4,2,2012-08-06 through 2012-08-12
615,73,33,2012,42,13,0,22,0,2,5,2012-08-13 through 2012-08-19
692,73,34,2012,39,8,1,11,1,1,4,2012-08-20 through 2012-08-26
781,73,35,2012,42,14,0,16,0,3,0,2012-08-27 through 2012-09-02
908,73,36,2012,44,12,0,17,0,0,5,2012-09-03 through 2012-09-09
931,73,37,2012,29,12,0,18,0,2,4,2012-09-10 through 2012-09-16
998,73,38,2012,25,7,0,9,0,1,4,2012-09-17 through 2012-09-23
1079,73,39,2012,34,9,0,10,0,0,4,2012-09-24 through 2012-09-30
1174,73,40,2012,34,7,0,14,0,1,1,2012-10-01 through 2012-10-07
1267,73,41,2012,29,8,0,15,0,0,3,2012-10-08 through 2012-10-14
1338,73,42,2012,40,8,0,16,0,2,1,2012-10-15 through 2012-10-21
1429,73,43,2012,47,14,1,16,1,0,4,2012-10-22 through 2012-10-28
1500,73,44,2012,25,6,0,8,0,1,3,2012-10-29 through 2012-11-04
1599,73,45,2012,37,7,0,11,0,1,3,2012-11-05 through 2012-11-11
1664,73,46,2012,39,8,0,12,0,0,2,2012-11-12 through 2012-11-18
1747,73,47,2012,33,13,0,19,0,0,4,2012-11-19 through 2012-11-25
1834,73,48,2012,31,5,0,6,0,0,3,2012-11-26 through 2012-12-02
1899,73,49,2012,35,16,0,22,0,1,6,2012-12-03 through 2012-12-09
1984,73,50,2012,40,10,0,14,0,0,3,2012-12-10 through 2012-12-16
2005,73,51,2012,41,11,0,19,0,0,9,2012-12-17 through 2012-12-23
2106,73,52,2012,34,7,0,7,0,1,4,2012-12-24 through 2012-12-30
2159,73,1,2013,8,2,0,2,0,0,1,2013-12-30 through 2014-01-05
2169,73,1,2013,31,4,0,12,0,0,2,2012-12-31 through 2013-01-06
2309,73,10,2013,44,10,0,14,0,0,5,2013-03-04 through 2013-03-10
2388,73,11,2013,33,8,0,11,0,0,4,2013-03-11 through 2013-03-17
2469,73,12,2013,32,6,0,12,0,0,4,2013-03-18 through 2013-03-24
2542,73,13,2013,33,8,0,11,0,1,1,2013-03-25 through 2013-03-31
2653,73,14,2013,30,9,0,19,0,0,1,2013-04-01 through 2013-04-07
2716,73,15,2013,42,9,0,12,0,0,1,2013-04-08 through 2013-04-14
2789,73,16,2013,31,8,0,9,0,1,3,2013-04-15 through 2013-04-21
2874,73,17,2013,34,7,0,11,0,0,3,2013-04-22 through 2013-04-28
2957,73,18,2013,35,15,0,23,0,3,4,2013-04-29 through 2013-05-05
3028,73,19,2013,49,15,0,23,0,0,3,2013-05-06 through 2013-05-12
3105,73,2,2013,41,6,0,9,0,0,7,2013-01-07 through 2013-01-13
3180,73,20,2013,25,4,0,4,0,0,2,2013-05-13 through 2013-05-19
3273,73,21,2013,32,9,0,13,0,0,1,2013-05-20 through 2013-05-26
3324,73,22,2013,50,17,0,28,0,2,4,2013-05-27 through 2013-06-02
3383,73,23,2013,42,13,0,15,0,0,5,2013-06-03 through 2013-06-09
3502,73,24,2013,44,10,0,14,0,2,0,2013-06-10 through 2013-06-16
3559,73,25,2013,42,15,0,21,0,4,2,2013-06-17 through 2013-06-23
3666,73,26,2013,38,14,0,24,0,2,6,2013-06-24 through 2013-06-30
3699,73,27,2013,26,10,0,13,0,2,3,2013-07-01 through 2013-07-07
3780,73,28,2013,33,13,0,19,0,1,4,2013-07-08 through 2013-07-14
3899,73,29,2013,49,16,0,25,0,2,5,2013-07-15 through 2013-07-21
3940,73,3,2013,30,10,0,16,0,0,4,2013-01-14 through 2013-01-20
4013,73,30,2013,40,12,0,21,0,1,6,2013-07-22 through 2013-07-28
4110,73,31,2013,46,19,0,34,0,3,3,2013-07-29 through 2013-08-04
4153,73,32,2013,24,8,0,9,0,0,2,2013-08-05 through 2013-08-11
4278,73,33,2013,26,6,0,8,0,3,0,2013-08-12 through 2013-08-18
4311,73,34,2013,37,19,0,27,0,3,7,2013-08-19 through 2013-08-25
4400,73,35,2013,27,12,0,12,0,2,4,2013-08-26 through 2013-09-01
4499,73,36,2013,30,13,0,19,0,2,3,2013-09-02 through 2013-09-08
4562,73,37,2013,33,7,1,19,1,0,2,2013-09-09 through 2013-09-15
4629,73,38,2013,28,5,0,11,0,1,2,2013-09-16 through 2013-09-22
4722,73,39,2013,38,17,0,33,0,1,6,2013-09-23 through 2013-09-29
4783,73,4,2013,28,11,0,11,0,0,5,2013-01-21 through 2013-01-27
4888,73,40,2013,30,9,0,13,0,1,2,2013-09-30 through 2013-10-06
4961,73,41,2013,40,12,0,21,0,0,3,2013-10-07 through 2013-10-13
5020,73,42,2013,34,12,0,16,0,1,4,2013-10-14 through 2013-10-20
5077,73,43,2013,35,8,0,11,0,1,4,2013-10-21 through 2013-10-27
5174,73,44,2013,33,10,0,13,0,0,5,2013-10-28 through 2013-11-03
5265,73,45,2013,46,11,0,15,0,0,5,2013-11-04 through 2013-11-10
5350,73,46,2013,38,8,0,11,0,0,4,2013-11-11 through 2013-11-17
5409,73,47,2013,37,10,0,11,0,1,4,2013-11-18 through 2013-11-24
5502,73,48,2013,47,11,0,12,0,2,6,2013-11-25 through 2013-12-01
5579,73,49,2013,34,14,0,20,0,0,4,2013-12-02 through 2013-12-08
5656,73,5,2013,41,8,0,12,0,1,2,2013-01-28 through 2013-02-03
5719,73,50,2013,41,17,0,24,0,0,2,2013-12-09 through 2013-12-15
5800,73,51,2013,38,12,0,16,0,0,5,2013-12-16 through 2013-12-22
5853,73,52,2013,32,10,0,11,0,0,2,2013-12-23 through 2013-12-29
5926,73,6,2013,39,7,0,7,0,1,3,2013-02-04 through 2013-02-10
6001,73,7,2013,27,10,0,20,0,1,2,2013-02-11 through 2013-02-17
6112,73,8,2013,31,5,0,7,0,0,2,2013-02-18 through 2013-02-24
6161,73,9,2013,29,6,0,7,0,0,2,2013-02-25 through 2013-03-03
6254,73,1,2014,20,5,0,7,0,0,1,2013-12-30 through 2014-01-05
6266,73,1,2014,22,6,0,6,0,1,1,2014-12-29 through 2015-01-04
6414,73,10,2014,41,7,0,11,0,0,1,2014-03-03 through 2014-03-09
6485,73,11,2014,29,6,0,8,0,0,0,2014-03-10 through 2014-03-16
6564,73,12,2014,38,13,1,19,1,0,5,2014-03-17 through 2014-03-23
6625,73,13,2014,37,9,0,13,0,0,4,2014-03-24 through 2014-03-30
6710,73,14,2014,38,8,0,9,0,0,4,2014-03-31 through 2014-04-06
6777,73,15,2014,45,12,0,16,0,0,7,2014-04-07 through 2014-04-13
6862,73,16,2014,35,10,0,16,0,0,4,2014-04-14 through 2014-04-20
6931,73,17,2014,32,9,0,16,0,0,3,2014-04-21 through 2014-04-27
7018,73,18,2014,37,10,0,14,0,1,4,2014-04-28 through 2014-05-04
7085,73,19,2014,34,12,0,26,0,0,0,2014-05-05 through 2014-05-11
7202,73,2,2014,42,13,0,13,0,1,6,2014-01-06 through 2014-01-12
7270,73,20,2014,29,12,0,17,0,0,5,2014-05-12 through 2014-05-18
7344,73,21,2014,30,8,0,12,0,0,3,2014-05-19 through 2014-05-25
7438,73,22,2014,45,15,0,19,0,1,7,2014-05-26 through 2014-06-01
7521,73,23,2014,47,13,0,18,0,2,4,2014-06-02 through 2014-06-08
7597,73,24,2014,37,9,0,17,0,2,2,2014-06-09 through 2014-06-15
7680,73,25,2014,35,9,0,14,0,1,3,2014-06-16 through 2014-06-22
7757,73,26,2014,47,18,0,22,0,2,8,2014-06-23 through 2014-06-29
7838,73,27,2014,47,14,0,20,0,1,5,2014-06-30 through 2014-07-06
7912,73,28,2014,30,9,0,12,0,0,1,2014-07-07 through 2014-07-13
7995,73,29,2014,34,10,0,11,0,1,3,2014-07-14 through 2014-07-20
8078,73,3,2014,24,9,0,12,0,0,5,2014-01-13 through 2014-01-19
8132,73,30,2014,45,15,0,25,0,0,2,2014-07-21 through 2014-07-27
8166,73,31,2014,29,7,0,15,0,2,2,2014-07-28 through 2014-08-03
8247,73,32,2014,42,15,0,16,0,2,2,2014-08-04 through 2014-08-10
8329,73,33,2014,32,12,0,24,0,1,1,2014-08-11 through 2014-08-17
8414,73,34,2014,20,6,0,10,0,0,4,2014-08-18 through 2014-08-24
8489,73,35,2014,40,6,0,7,0,0,1,2014-08-25 through 2014-08-31
8568,73,36,2014,40,10,0,11,0,1,1,2014-09-01 through 2014-09-07
8684,73,37,2014,28,5,0,7,0,1,1,2014-09-08 through 2014-09-14
8769,73,38,2014,34,6,0,8,0,1,2,2014-09-15 through 2014-09-21
8842,73,39,2014,38,13,0,27,0,0,0,2014-09-22 through 2014-09-28
8883,73,4,2014,31,4,0,6,0,0,2,2014-01-20 through 2014-01-26
8968,73,40,2014,30,8,0,11,0,1,2,2014-09-29 through 2014-10-05
9044,73,41,2014,39,16,0,28,0,2,4,2014-10-06 through 2014-10-12
9126,73,42,2014,36,9,0,12,0,1,1,2014-10-13 through 2014-10-19
9204,73,43,2014,35,11,0,14,0,1,4,2014-10-20 through 2014-10-26
9291,73,44,2014,41,12,0,13,0,1,1,2014-10-27 through 2014-11-02
9370,73,45,2014,40,11,0,16,0,1,2,2014-11-03 through 2014-11-09
9453,73,46,2014,35,6,0,13,0,0,2,2014-11-10 through 2014-11-16
9536,73,47,2014,33,7,0,16,0,0,2,2014-11-17 through 2014-11-23
9607,73,48,2014,34,6,0,13,0,0,0,2014-11-24 through 2014-11-30
9696,73,49,2014,39,9,0,13,0,0,4,2014-12-01 through 2014-12-07
9767,73,5,2014,33,9,0,11,0,0,4,2014-01-27 through 2014-02-02
9782,73,50,2014,38,6,0,8,0,0,3,2014-12-08 through 2014-12-14
9855,73,51,2014,31,7,0,9,0,0,2,2014-12-15 through 2014-12-21
9936,73,52,2014,35,13,0,14,0,0,4,2014-12-22 through 2014-12-28
10019,73,6,2014,28,8,0,12,0,0,4,2014-02-03 through 2014-02-09
10089,73,7,2014,37,4,0,5,0,1,0,2014-02-10 through 2014-02-16
10171,73,8,2014,26,9,0,18,0,0,3,2014-02-17 through 2014-02-23
10261,73,9,2014,31,7,0,9,0,0,1,2014-02-24 through 2014-03-02
10320,73,1,2015,17,4,0,8,0,0,2,2014-12-29 through 2015-01-04
10406,73,10,2015,56,11,0,21,0,0,0,2015-03-02 through 2015-03-08
10469,73,11,2015,56,18,0,27,0,0,6,2015-03-09 through 2015-03-15
10564,73,12,2015,40,6,0,6,0,1,3,2015-03-16 through 2015-03-22
10649,73,13,2015,28,10,0,14,0,1,2,2015-03-23 through 2015-03-29
10702,73,14,2015,37,14,0,21,0,0,4,2015-03-30 through 2015-04-05
10805,73,15,2015,32,7,0,8,0,1,0,2015-04-06 through 2015-04-12
10884,73,16,2015,9,2,0,2,0,1,1,2015-04-13 through 2015-04-19
10961,73,2,2015,39,9,0,14,0,0,3,2015-01-05 through 2015-01-11
11080,73,3,2015,31,9,0,10,0,1,5,2015-01-12 through 2015-01-18
11104,73,4,2015,29,7,0,13,0,0,1,2015-01-19 through 2015-01-25
11229,73,5,2015,33,3,0,5,0,0,0,2015-01-26 through 2015-02-01
11252,73,6,2015,54,12,0,16,0,0,1,2015-02-02 through 2015-02-08
11334,73,7,2015,34,6,0,9,0,0,1,2015-02-09 through 2015-02-15
11410,73,8,2015,37,6,0,8,0,0,0,2015-02-16 through 2015-02-22
11488,73,9,2015,23,3,0,3,0,0,1,2015-02-23 through 2015-03-01
