row_number,precinct,week,year,all_collisions,injury_collisions,fatal_collisions,injures,fatalities,cyclists_involved,pedestrians_involved,label
11,22,1,2012,1,0,0,0,0,0,0,2012-12-31 through 2013-01-06
78,22,26,2012,2,1,0,1,0,0,1,2012-06-25 through 2012-07-01
152,22,27,2012,4,0,0,0,0,0,0,2012-07-02 through 2012-07-08
229,22,28,2012,7,3,0,3,0,1,0,2012-07-09 through 2012-07-15
306,22,29,2012,12,1,0,1,0,0,0,2012-07-16 through 2012-07-22
385,22,30,2012,8,2,0,2,0,1,1,2012-07-23 through 2012-07-29
462,22,31,2012,8,1,0,1,0,1,0,2012-07-30 through 2012-08-05
541,22,32,2012,10,1,0,1,0,0,0,2012-08-06 through 2012-08-12
616,22,33,2012,14,2,0,5,0,0,0,2012-08-13 through 2012-08-19
693,22,34,2012,7,0,0,0,0,0,0,2012-08-20 through 2012-08-26
768,22,35,2012,14,6,0,7,0,3,1,2012-08-27 through 2012-09-02
847,22,36,2012,15,4,0,6,0,2,0,2012-09-03 through 2012-09-09
924,22,37,2012,7,1,0,1,0,0,0,2012-09-10 through 2012-09-16
999,22,38,2012,8,0,0,0,0,0,0,2012-09-17 through 2012-09-23
1076,22,39,2012,5,0,0,0,0,0,0,2012-09-24 through 2012-09-30
1153,22,40,2012,6,0,0,0,0,0,0,2012-10-01 through 2012-10-07
1232,22,41,2012,6,1,0,1,0,1,0,2012-10-08 through 2012-10-14
1309,22,42,2012,15,3,0,3,0,1,2,2012-10-15 through 2012-10-21
1388,22,43,2012,12,2,0,2,0,1,1,2012-10-22 through 2012-10-28
1465,22,44,2012,15,2,0,3,0,0,1,2012-10-29 through 2012-11-04
1542,22,45,2012,18,5,0,6,0,0,1,2012-11-05 through 2012-11-11
1619,22,46,2012,9,2,0,2,0,1,0,2012-11-12 through 2012-11-18
1696,22,47,2012,12,2,0,5,0,1,0,2012-11-19 through 2012-11-25
1773,22,48,2012,10,2,0,2,0,0,1,2012-11-26 through 2012-12-02
1848,22,49,2012,9,2,0,2,0,1,1,2012-12-03 through 2012-12-09
1929,22,50,2012,8,2,0,2,0,0,1,2012-12-10 through 2012-12-16
2006,22,51,2012,6,1,0,1,0,0,1,2012-12-17 through 2012-12-23
2081,22,52,2012,12,5,0,5,0,0,2,2012-12-24 through 2012-12-30
2154,22,1,2013,10,0,0,0,0,0,0,2012-12-31 through 2013-01-06
2158,22,1,2013,2,0,0,0,0,0,0,2013-12-30 through 2014-01-05
2306,22,10,2013,10,2,0,5,0,0,0,2013-03-04 through 2013-03-10
2383,22,11,2013,7,3,0,3,0,0,3,2013-03-11 through 2013-03-17
2460,22,12,2013,8,1,0,1,0,1,0,2013-03-18 through 2013-03-24
2539,22,13,2013,9,1,0,1,0,0,0,2013-03-25 through 2013-03-31
2614,22,14,2013,6,2,0,2,0,1,0,2013-04-01 through 2013-04-07
2691,22,15,2013,6,1,0,1,0,0,0,2013-04-08 through 2013-04-14
2768,22,16,2013,6,0,0,0,0,0,0,2013-04-15 through 2013-04-21
2845,22,17,2013,10,1,0,1,0,0,1,2013-04-22 through 2013-04-28
2922,22,18,2013,9,2,0,3,0,0,1,2013-04-29 through 2013-05-05
3001,22,19,2013,5,0,0,0,0,0,0,2013-05-06 through 2013-05-12
3076,22,2,2013,12,0,0,0,0,0,0,2013-01-07 through 2013-01-13
3155,22,20,2013,9,0,0,0,0,0,0,2013-05-13 through 2013-05-19
3232,22,21,2013,8,1,0,1,0,0,0,2013-05-20 through 2013-05-26
3307,22,22,2013,8,0,0,0,0,0,0,2013-05-27 through 2013-06-02
3384,22,23,2013,14,0,0,0,0,0,0,2013-06-03 through 2013-06-09
3471,22,24,2013,15,1,0,1,0,0,1,2013-06-10 through 2013-06-16
3540,22,25,2013,9,1,0,1,0,0,0,2013-06-17 through 2013-06-23
3619,22,26,2013,12,2,0,4,0,1,0,2013-06-24 through 2013-06-30
3706,22,27,2013,6,0,0,0,0,0,0,2013-07-01 through 2013-07-07
3771,22,28,2013,15,4,0,4,0,1,1,2013-07-08 through 2013-07-14
3848,22,29,2013,9,2,0,2,0,0,1,2013-07-15 through 2013-07-21
3925,22,3,2013,7,1,0,2,0,0,2,2013-01-14 through 2013-01-20
4008,22,30,2013,9,1,0,1,0,0,0,2013-07-22 through 2013-07-28
4081,22,31,2013,8,1,0,1,0,0,0,2013-07-29 through 2013-08-04
4158,22,32,2013,8,2,0,3,0,0,1,2013-08-05 through 2013-08-11
4233,22,33,2013,7,1,0,1,0,1,0,2013-08-12 through 2013-08-18
4312,22,34,2013,11,2,0,3,0,0,2,2013-08-19 through 2013-08-25
4391,22,35,2013,9,2,0,3,0,1,0,2013-08-26 through 2013-09-01
4464,22,36,2013,6,1,0,1,0,1,0,2013-09-02 through 2013-09-08
4543,22,37,2013,14,3,0,3,0,2,1,2013-09-09 through 2013-09-15
4618,22,38,2013,11,3,0,3,0,0,2,2013-09-16 through 2013-09-22
4695,22,39,2013,20,4,0,4,0,2,1,2013-09-23 through 2013-09-29
4772,22,4,2013,6,1,0,1,0,0,0,2013-01-21 through 2013-01-27
4849,22,40,2013,9,3,0,3,0,1,1,2013-09-30 through 2013-10-06
4930,22,41,2013,10,3,0,3,0,1,2,2013-10-07 through 2013-10-13
5005,22,42,2013,13,0,0,0,0,0,0,2013-10-14 through 2013-10-20
5086,22,43,2013,10,1,0,1,0,1,0,2013-10-21 through 2013-10-27
5159,22,44,2013,12,2,0,2,0,1,0,2013-10-28 through 2013-11-03
5242,22,45,2013,7,1,0,1,0,0,0,2013-11-04 through 2013-11-10
5317,22,46,2013,9,0,0,0,0,0,0,2013-11-11 through 2013-11-17
5394,22,47,2013,15,1,0,2,0,0,0,2013-11-18 through 2013-11-24
5471,22,48,2013,4,1,0,1,0,0,0,2013-11-25 through 2013-12-01
5548,22,49,2013,12,1,0,1,0,0,1,2013-12-02 through 2013-12-08
5621,22,5,2013,12,4,0,5,0,0,1,2013-01-28 through 2013-02-03
5706,22,50,2013,15,0,0,0,0,0,0,2013-12-09 through 2013-12-15
5781,22,51,2013,11,2,0,3,0,0,1,2013-12-16 through 2013-12-22
5858,22,52,2013,7,1,0,1,0,0,1,2013-12-23 through 2013-12-29
5931,22,6,2013,12,1,1,1,1,0,1,2013-02-04 through 2013-02-10
6008,22,7,2013,4,1,0,1,0,1,0,2013-02-11 through 2013-02-17
6087,22,8,2013,10,2,0,2,0,0,2,2013-02-18 through 2013-02-24
6166,22,9,2013,7,0,0,0,0,0,0,2013-02-25 through 2013-03-03
6235,22,1,2014,5,0,0,0,0,0,0,2013-12-30 through 2014-01-05
6237,22,1,2014,3,1,0,1,0,0,0,2014-12-29 through 2015-01-04
6395,22,10,2014,3,1,0,1,0,0,1,2014-03-03 through 2014-03-09
6466,22,11,2014,12,1,0,1,0,0,0,2014-03-10 through 2014-03-16
6541,22,12,2014,5,0,0,0,0,0,0,2014-03-17 through 2014-03-23
6622,22,13,2014,4,0,0,0,0,0,0,2014-03-24 through 2014-03-30
6697,22,14,2014,9,2,0,2,0,0,2,2014-03-31 through 2014-04-06
6772,22,15,2014,17,3,0,5,0,2,0,2014-04-07 through 2014-04-13
6853,22,16,2014,4,0,0,0,0,0,0,2014-04-14 through 2014-04-20
6932,22,17,2014,8,0,0,0,0,0,0,2014-04-21 through 2014-04-27
7009,22,18,2014,15,1,0,1,0,0,1,2014-04-28 through 2014-05-04
7082,22,19,2014,9,1,0,1,0,0,1,2014-05-05 through 2014-05-11
7159,22,2,2014,9,1,0,1,0,0,0,2014-01-06 through 2014-01-12
7238,22,20,2014,7,0,0,0,0,0,0,2014-05-12 through 2014-05-18
7319,22,21,2014,5,0,0,0,0,0,0,2014-05-19 through 2014-05-25
7388,22,22,2014,15,3,0,3,0,1,1,2014-05-26 through 2014-06-01
7473,22,23,2014,11,0,0,0,0,0,0,2014-06-02 through 2014-06-08
7544,22,24,2014,12,1,0,1,0,0,0,2014-06-09 through 2014-06-15
7627,22,25,2014,13,2,0,2,0,0,0,2014-06-16 through 2014-06-22
7700,22,26,2014,3,0,0,0,0,0,0,2014-06-23 through 2014-06-29
7779,22,27,2014,6,1,0,1,0,0,0,2014-06-30 through 2014-07-06
7856,22,28,2014,11,2,0,2,0,1,1,2014-07-07 through 2014-07-13
7931,22,29,2014,6,1,0,1,0,0,1,2014-07-14 through 2014-07-20
8014,22,3,2014,7,2,0,2,0,1,1,2014-01-13 through 2014-01-19
8089,22,30,2014,16,2,0,3,0,0,0,2014-07-21 through 2014-07-27
8164,22,31,2014,9,3,0,5,0,1,1,2014-07-28 through 2014-08-03
8243,22,32,2014,10,1,0,1,0,0,0,2014-08-04 through 2014-08-10
8323,22,33,2014,8,0,0,0,0,0,0,2014-08-11 through 2014-08-17
8398,22,34,2014,9,1,0,1,0,0,0,2014-08-18 through 2014-08-24
8474,22,35,2014,7,3,0,3,0,0,1,2014-08-25 through 2014-08-31
8550,22,36,2014,4,1,0,1,0,1,0,2014-09-01 through 2014-09-07
8626,22,37,2014,11,3,0,5,0,0,1,2014-09-08 through 2014-09-14
8706,22,38,2014,19,1,0,1,0,1,0,2014-09-15 through 2014-09-21
8779,22,39,2014,7,1,0,1,0,0,0,2014-09-22 through 2014-09-28
8858,22,4,2014,9,2,0,2,0,1,1,2014-01-20 through 2014-01-26
8932,22,40,2014,3,0,0,0,0,0,0,2014-09-29 through 2014-10-05
9011,22,41,2014,11,1,0,1,0,1,0,2014-10-06 through 2014-10-12
9088,22,42,2014,6,1,0,1,0,1,0,2014-10-13 through 2014-10-19
9164,22,43,2014,11,1,0,1,0,0,1,2014-10-20 through 2014-10-26
9244,22,44,2014,10,1,0,1,0,0,1,2014-10-27 through 2014-11-02
9323,22,45,2014,9,1,0,1,0,0,1,2014-11-03 through 2014-11-09
9396,22,46,2014,8,3,0,4,0,0,1,2014-11-10 through 2014-11-16
9470,22,47,2014,17,0,0,0,0,0,0,2014-11-17 through 2014-11-23
9549,22,48,2014,3,1,0,1,0,0,0,2014-11-24 through 2014-11-30
9627,22,49,2014,9,2,0,2,0,1,1,2014-12-01 through 2014-12-07
9707,22,5,2014,4,1,0,1,0,1,0,2014-01-27 through 2014-02-02
9785,22,50,2014,19,1,0,1,0,0,1,2014-12-08 through 2014-12-14
9858,22,51,2014,5,1,0,1,0,0,0,2014-12-15 through 2014-12-21
9935,22,52,2014,5,0,0,0,0,0,0,2014-12-22 through 2014-12-28
10014,22,6,2014,16,2,0,2,0,0,0,2014-02-03 through 2014-02-09
10090,22,7,2014,12,2,0,2,0,0,0,2014-02-10 through 2014-02-16
10166,22,8,2014,9,2,0,2,0,1,1,2014-02-17 through 2014-02-23
10243,22,9,2014,6,1,0,1,0,0,1,2014-02-24 through 2014-03-02
10313,22,1,2015,5,2,0,4,0,0,1,2014-12-29 through 2015-01-04
10393,22,10,2015,10,1,0,1,0,0,1,2015-03-02 through 2015-03-08
10470,22,11,2015,5,0,0,0,0,0,0,2015-03-09 through 2015-03-15
10545,22,12,2015,7,2,0,3,0,0,0,2015-03-16 through 2015-03-22
10624,22,13,2015,12,0,0,0,0,0,0,2015-03-23 through 2015-03-29
10700,22,14,2015,15,1,0,1,0,0,1,2015-03-30 through 2015-04-05
10780,22,15,2015,7,2,0,4,0,0,0,2015-04-06 through 2015-04-12
10852,22,16,2015,1,0,0,0,0,0,0,2015-04-13 through 2015-04-19
10930,22,2,2015,16,2,0,3,0,0,0,2015-01-05 through 2015-01-11
11010,22,3,2015,6,0,0,0,0,0,0,2015-01-12 through 2015-01-18
11099,22,4,2015,6,0,0,0,0,0,0,2015-01-19 through 2015-01-25
11169,22,5,2015,7,1,0,1,0,0,1,2015-01-26 through 2015-02-01
11289,22,6,2015,14,2,0,2,0,0,1,2015-02-02 through 2015-02-08
11318,22,7,2015,5,0,0,0,0,0,0,2015-02-09 through 2015-02-15
11439,22,8,2015,7,0,0,0,0,0,0,2015-02-16 through 2015-02-22
11474,22,9,2015,3,0,0,0,0,0,0,2015-02-23 through 2015-03-01
