row_number,precinct,week,year,all_collisions,injury_collisions,fatal_collisions,injures,fatalities,cyclists_involved,pedestrians_involved,label
34,48,1,2012,3,1,0,1,0,0,1,2012-12-31 through 2013-01-06
201,48,27,2012,22,7,0,13,0,0,2,2012-07-02 through 2012-07-08
290,48,28,2012,25,8,0,13,0,1,4,2012-07-09 through 2012-07-15
371,48,29,2012,14,0,0,0,0,0,0,2012-07-16 through 2012-07-22
386,48,30,2012,31,10,0,11,0,3,3,2012-07-23 through 2012-07-29
507,48,31,2012,30,7,0,9,0,1,1,2012-07-30 through 2012-08-05
548,48,32,2012,34,9,0,11,0,1,5,2012-08-06 through 2012-08-12
625,48,33,2012,24,7,0,9,0,1,2,2012-08-13 through 2012-08-19
688,48,34,2012,29,7,0,14,0,1,6,2012-08-20 through 2012-08-26
785,48,35,2012,21,0,0,0,0,0,0,2012-08-27 through 2012-09-02
870,48,36,2012,26,5,0,10,0,1,1,2012-09-03 through 2012-09-09
939,48,37,2012,42,7,0,8,0,3,1,2012-09-10 through 2012-09-16
1022,48,38,2012,21,7,0,10,0,2,3,2012-09-17 through 2012-09-23
1101,48,39,2012,26,8,0,13,0,0,4,2012-09-24 through 2012-09-30
1180,48,40,2012,19,6,0,9,0,0,1,2012-10-01 through 2012-10-07
1235,48,41,2012,18,3,0,5,0,0,0,2012-10-08 through 2012-10-14
1366,48,42,2012,23,5,0,7,0,0,2,2012-10-15 through 2012-10-21
1451,48,43,2012,32,5,0,10,0,1,1,2012-10-22 through 2012-10-28
1514,48,44,2012,10,3,0,3,0,1,2,2012-10-29 through 2012-11-04
1553,48,45,2012,25,3,0,6,0,0,1,2012-11-05 through 2012-11-11
1614,48,46,2012,24,4,0,6,0,0,1,2012-11-12 through 2012-11-18
1709,48,47,2012,17,2,0,2,0,0,1,2012-11-19 through 2012-11-25
1786,48,48,2012,23,5,0,10,0,0,3,2012-11-26 through 2012-12-02
1851,48,49,2012,29,6,0,6,0,2,3,2012-12-03 through 2012-12-09
1956,48,50,2012,27,3,0,6,0,0,1,2012-12-10 through 2012-12-16
2019,48,51,2012,28,6,0,9,0,0,3,2012-12-17 through 2012-12-23
2114,48,52,2012,32,6,0,12,0,0,1,2012-12-24 through 2012-12-30
2195,48,1,2013,8,0,0,0,0,0,0,2013-12-30 through 2014-01-05
2235,48,1,2013,22,9,1,11,1,0,5,2012-12-31 through 2013-01-06
2345,48,10,2013,17,4,0,4,0,0,3,2013-03-04 through 2013-03-10
2438,48,11,2013,28,6,0,6,0,1,3,2013-03-11 through 2013-03-17
2525,48,12,2013,24,2,0,4,0,0,1,2013-03-18 through 2013-03-24
2538,48,13,2013,21,4,0,4,0,0,2,2013-03-25 through 2013-03-31
2619,48,14,2013,19,3,0,4,0,0,2,2013-04-01 through 2013-04-07
2700,48,15,2013,23,9,0,15,0,0,4,2013-04-08 through 2013-04-14
2775,48,16,2013,32,9,0,10,0,0,4,2013-04-15 through 2013-04-21
2892,48,17,2013,34,12,0,15,0,3,2,2013-04-22 through 2013-04-28
2947,48,18,2013,19,5,0,8,0,2,1,2013-04-29 through 2013-05-05
3026,48,19,2013,26,8,0,10,0,2,2,2013-05-06 through 2013-05-12
3121,48,2,2013,19,5,0,7,0,0,3,2013-01-07 through 2013-01-13
3172,48,20,2013,27,5,0,5,0,1,1,2013-05-13 through 2013-05-19
3287,48,21,2013,29,5,0,6,0,2,0,2013-05-20 through 2013-05-26
3306,48,22,2013,34,5,0,6,0,0,3,2013-05-27 through 2013-06-02
3440,48,23,2013,39,11,0,20,0,0,2,2013-06-03 through 2013-06-09
3487,48,24,2013,30,6,0,7,0,0,1,2013-06-10 through 2013-06-16
3566,48,25,2013,30,11,0,14,0,0,4,2013-06-17 through 2013-06-23
3674,48,26,2013,24,5,0,6,0,0,2,2013-06-24 through 2013-06-30
3755,48,27,2013,17,4,0,5,0,1,2,2013-07-01 through 2013-07-07
3838,48,28,2013,23,2,0,6,0,0,0,2013-07-08 through 2013-07-14
3920,48,29,2013,26,6,0,7,0,2,0,2013-07-15 through 2013-07-21
3995,48,3,2013,22,4,0,5,0,0,2,2013-01-14 through 2013-01-20
4012,48,30,2013,23,3,0,3,0,0,2,2013-07-22 through 2013-07-28
4095,48,31,2013,19,7,0,21,0,1,2,2013-07-29 through 2013-08-04
4166,48,32,2013,24,4,0,7,0,0,1,2013-08-05 through 2013-08-11
4239,48,33,2013,25,3,0,3,0,0,1,2013-08-12 through 2013-08-18
4381,48,34,2013,28,7,0,8,0,1,2,2013-08-19 through 2013-08-25
4436,48,35,2013,22,4,0,4,0,2,1,2013-08-26 through 2013-09-01
4508,48,36,2013,38,11,0,13,0,0,4,2013-09-02 through 2013-09-08
4587,48,37,2013,35,14,0,18,0,1,6,2013-09-09 through 2013-09-15
4670,48,38,2013,30,12,0,20,0,1,4,2013-09-16 through 2013-09-22
4725,48,39,2013,29,6,0,6,0,0,1,2013-09-23 through 2013-09-29
4829,48,4,2013,21,6,0,13,0,0,1,2013-01-21 through 2013-01-27
4906,48,40,2013,28,4,0,4,0,2,1,2013-09-30 through 2013-10-06
4983,48,41,2013,25,9,1,12,1,1,1,2013-10-07 through 2013-10-13
5069,48,42,2013,31,5,0,10,0,0,1,2013-10-14 through 2013-10-20
5150,48,43,2013,26,8,0,14,0,0,2,2013-10-21 through 2013-10-27
5212,48,44,2013,22,6,0,11,0,0,2,2013-10-28 through 2013-11-03
5252,48,45,2013,27,8,0,14,0,1,4,2013-11-04 through 2013-11-10
5331,48,46,2013,21,5,0,5,0,0,4,2013-11-11 through 2013-11-17
5406,48,47,2013,28,6,0,11,0,0,5,2013-11-18 through 2013-11-24
5495,48,48,2013,20,9,0,11,0,0,7,2013-11-25 through 2013-12-01
5582,48,49,2013,18,7,0,10,0,0,4,2013-12-02 through 2013-12-08
5662,48,5,2013,25,6,0,6,0,2,2,2013-01-28 through 2013-02-03
5743,48,50,2013,18,5,0,20,0,0,1,2013-12-09 through 2013-12-15
5820,48,51,2013,21,3,0,4,0,0,1,2013-12-16 through 2013-12-22
5902,48,52,2013,18,4,0,4,0,0,3,2013-12-23 through 2013-12-29
5976,48,6,2013,19,5,0,9,0,0,3,2013-02-04 through 2013-02-10
6057,48,7,2013,34,6,0,6,0,0,5,2013-02-11 through 2013-02-17
6138,48,8,2013,19,3,0,3,0,0,1,2013-02-18 through 2013-02-24
6217,48,9,2013,27,5,0,6,0,0,2,2013-02-25 through 2013-03-03
6355,48,1,2014,12,4,0,5,0,0,2,2014-12-29 through 2015-01-04
6362,48,1,2014,10,3,0,3,0,0,2,2013-12-30 through 2014-01-05
6454,48,10,2014,30,5,0,5,0,0,3,2014-03-03 through 2014-03-09
6539,48,11,2014,26,11,0,18,0,0,3,2014-03-10 through 2014-03-16
6603,48,12,2014,29,8,0,9,0,2,4,2014-03-17 through 2014-03-23
6642,48,13,2014,27,7,0,10,0,0,1,2014-03-24 through 2014-03-30
6701,48,14,2014,22,8,0,10,0,1,2,2014-03-31 through 2014-04-06
6800,48,15,2014,35,10,0,16,0,1,1,2014-04-07 through 2014-04-13
6863,48,16,2014,26,3,0,7,0,0,2,2014-04-14 through 2014-04-20
6968,48,17,2014,28,5,0,6,0,0,1,2014-04-21 through 2014-04-27
7037,48,18,2014,31,4,0,12,0,0,3,2014-04-28 through 2014-05-04
7119,48,19,2014,24,3,0,7,0,0,1,2014-05-05 through 2014-05-11
7197,48,2,2014,24,10,0,13,0,0,6,2014-01-06 through 2014-01-12
7274,48,20,2014,19,4,0,6,0,0,2,2014-05-12 through 2014-05-18
7357,48,21,2014,35,9,0,15,0,0,3,2014-05-19 through 2014-05-25
7429,48,22,2014,23,5,0,7,0,0,2,2014-05-26 through 2014-06-01
7508,48,23,2014,32,11,0,28,0,0,3,2014-06-02 through 2014-06-08
7560,48,24,2014,26,6,0,11,0,1,1,2014-06-09 through 2014-06-15
7670,48,25,2014,31,6,0,7,0,2,3,2014-06-16 through 2014-06-22
7753,48,26,2014,36,8,0,11,0,2,3,2014-06-23 through 2014-06-29
7820,48,27,2014,19,5,0,5,0,1,0,2014-06-30 through 2014-07-06
7915,48,28,2014,45,14,0,19,0,4,3,2014-07-07 through 2014-07-13
7999,48,29,2014,20,6,0,9,0,0,3,2014-07-14 through 2014-07-20
8066,48,3,2014,23,6,0,7,0,0,3,2014-01-13 through 2014-01-19
8093,48,30,2014,28,10,0,17,0,2,3,2014-07-21 through 2014-07-27
8184,48,31,2014,27,8,0,12,0,1,1,2014-07-28 through 2014-08-03
8269,48,32,2014,22,8,0,10,0,2,3,2014-08-04 through 2014-08-10
8337,48,33,2014,20,4,0,5,0,1,2,2014-08-11 through 2014-08-17
8424,48,34,2014,30,7,0,9,0,0,2,2014-08-18 through 2014-08-24
8507,48,35,2014,31,4,0,9,0,0,1,2014-08-25 through 2014-08-31
8579,48,36,2014,16,3,0,3,0,2,1,2014-09-01 through 2014-09-07
8653,48,37,2014,29,8,0,12,0,2,0,2014-09-08 through 2014-09-14
8737,48,38,2014,19,5,0,5,0,2,2,2014-09-15 through 2014-09-21
8774,48,39,2014,27,4,0,4,0,1,2,2014-09-22 through 2014-09-28
8889,48,4,2014,33,8,0,13,0,0,3,2014-01-20 through 2014-01-26
8982,48,40,2014,28,3,0,3,0,1,0,2014-09-29 through 2014-10-05
9071,48,41,2014,22,4,0,6,0,1,0,2014-10-06 through 2014-10-12
9151,48,42,2014,24,4,0,4,0,0,2,2014-10-13 through 2014-10-19
9229,48,43,2014,23,3,0,5,0,0,0,2014-10-20 through 2014-10-26
9248,48,44,2014,20,2,0,4,0,0,0,2014-10-27 through 2014-11-02
9325,48,45,2014,18,8,0,8,0,1,3,2014-11-03 through 2014-11-09
9422,48,46,2014,23,6,0,6,0,0,2,2014-11-10 through 2014-11-16
9497,48,47,2014,27,4,0,6,0,0,2,2014-11-17 through 2014-11-23
9571,48,48,2014,27,4,0,7,0,0,1,2014-11-24 through 2014-11-30
9654,48,49,2014,17,3,0,3,0,0,2,2014-12-01 through 2014-12-07
9735,48,5,2014,22,8,0,11,0,0,3,2014-01-27 through 2014-02-02
9813,48,50,2014,20,5,0,6,0,0,4,2014-12-08 through 2014-12-14
9892,48,51,2014,28,3,0,6,0,0,0,2014-12-15 through 2014-12-21
9968,48,52,2014,28,4,0,4,0,0,3,2014-12-22 through 2014-12-28
10036,48,6,2014,29,3,0,3,0,0,1,2014-02-03 through 2014-02-09
10128,48,7,2014,23,3,0,5,0,0,2,2014-02-10 through 2014-02-16
10215,48,8,2014,20,3,0,5,0,0,0,2014-02-17 through 2014-02-23
10281,48,9,2014,28,8,0,13,0,0,3,2014-02-24 through 2014-03-02
10355,48,1,2015,9,3,0,5,0,1,1,2014-12-29 through 2015-01-04
10457,48,10,2015,24,4,0,7,0,0,3,2015-03-02 through 2015-03-08
10542,48,11,2015,38,5,0,8,0,0,4,2015-03-09 through 2015-03-15
10591,48,12,2015,24,6,0,8,0,1,2,2015-03-16 through 2015-03-22
10637,48,13,2015,22,6,0,12,0,1,2,2015-03-23 through 2015-03-29
10716,48,14,2015,26,2,0,3,0,0,0,2015-03-30 through 2015-04-05
10802,48,15,2015,18,4,0,5,0,2,3,2015-04-06 through 2015-04-12
10872,48,16,2015,7,1,0,2,0,0,0,2015-04-13 through 2015-04-19
10964,48,2,2015,28,4,0,4,0,0,1,2015-01-05 through 2015-01-11
11053,48,3,2015,19,4,0,5,0,1,1,2015-01-12 through 2015-01-18
11120,48,4,2015,14,1,0,1,0,0,0,2015-01-19 through 2015-01-25
11198,48,5,2015,24,4,0,5,0,1,1,2015-01-26 through 2015-02-01
11244,48,6,2015,33,6,0,10,0,0,2,2015-02-02 through 2015-02-08
11359,48,7,2015,27,3,0,3,0,1,2,2015-02-09 through 2015-02-15
11443,48,8,2015,24,3,0,3,0,0,2,2015-02-16 through 2015-02-22
11533,48,9,2015,16,4,0,5,0,0,1,2015-02-23 through 2015-03-01
