row_number,precinct,week,year,all_collisions,injury_collisions,fatal_collisions,injures,fatalities,cyclists_involved,pedestrians_involved,label
73,19,1,2012,11,2,0,2,0,0,1,2012-12-31 through 2013-01-06
147,19,26,2012,8,2,0,2,0,1,1,2012-06-25 through 2012-07-01
224,19,27,2012,84,12,0,14,0,3,5,2012-07-02 through 2012-07-08
300,19,28,2012,87,13,0,19,0,2,4,2012-07-09 through 2012-07-15
376,19,29,2012,77,12,0,16,0,4,2,2012-07-16 through 2012-07-22
455,19,30,2012,96,13,0,15,0,3,6,2012-07-23 through 2012-07-29
532,19,31,2012,78,12,0,13,0,1,7,2012-07-30 through 2012-08-05
609,19,32,2012,82,16,0,30,0,1,5,2012-08-06 through 2012-08-12
686,19,33,2012,88,9,0,10,0,1,3,2012-08-13 through 2012-08-19
763,19,34,2012,70,12,0,17,0,2,4,2012-08-20 through 2012-08-26
840,19,35,2012,79,10,0,12,0,0,4,2012-08-27 through 2012-09-02
917,19,36,2012,82,8,0,8,0,2,4,2012-09-03 through 2012-09-09
994,19,37,2012,97,9,0,12,0,2,2,2012-09-10 through 2012-09-16
1071,19,38,2012,109,14,1,19,1,2,7,2012-09-17 through 2012-09-23
1148,19,39,2012,96,13,0,16,0,2,4,2012-09-24 through 2012-09-30
1225,19,40,2012,93,7,0,7,0,1,5,2012-10-01 through 2012-10-07
1302,19,41,2012,87,6,0,6,0,1,3,2012-10-08 through 2012-10-14
1379,19,42,2012,101,15,0,15,0,3,7,2012-10-15 through 2012-10-21
1456,19,43,2012,81,8,1,9,1,0,7,2012-10-22 through 2012-10-28
1533,19,44,2012,58,5,0,5,0,2,3,2012-10-29 through 2012-11-04
1610,19,45,2012,81,11,0,13,0,1,7,2012-11-05 through 2012-11-11
1687,19,46,2012,91,9,0,10,0,2,2,2012-11-12 through 2012-11-18
1764,19,47,2012,77,7,0,7,0,1,1,2012-11-19 through 2012-11-25
1841,19,48,2012,93,10,0,13,0,0,4,2012-11-26 through 2012-12-02
1918,19,49,2012,118,11,0,12,0,1,5,2012-12-03 through 2012-12-09
1996,19,50,2012,84,10,0,10,0,1,4,2012-12-10 through 2012-12-16
2073,19,51,2012,94,10,0,10,0,0,7,2012-12-17 through 2012-12-23
2150,19,52,2012,70,9,0,9,0,0,5,2012-12-24 through 2012-12-30
2299,19,1,2013,67,8,0,8,0,0,5,2012-12-31 through 2013-01-06
2301,19,1,2013,23,5,0,6,0,1,1,2013-12-30 through 2014-01-05
2379,19,10,2013,89,6,0,6,0,3,3,2013-03-04 through 2013-03-10
2456,19,11,2013,95,9,0,9,0,1,4,2013-03-11 through 2013-03-17
2533,19,12,2013,84,12,0,12,0,2,5,2013-03-18 through 2013-03-24
2610,19,13,2013,70,4,0,5,0,1,1,2013-03-25 through 2013-03-31
2687,19,14,2013,93,13,0,15,0,2,4,2013-04-01 through 2013-04-07
2764,19,15,2013,103,20,0,23,0,2,9,2013-04-08 through 2013-04-14
2841,19,16,2013,96,21,1,34,1,2,8,2013-04-15 through 2013-04-21
2918,19,17,2013,89,16,0,16,0,4,4,2013-04-22 through 2013-04-28
2995,19,18,2013,92,13,0,16,0,2,6,2013-04-29 through 2013-05-05
3071,19,19,2013,107,15,0,16,0,5,2,2013-05-06 through 2013-05-12
3149,19,2,2013,88,7,0,9,0,1,3,2013-01-07 through 2013-01-13
3226,19,20,2013,90,9,0,11,0,1,4,2013-05-13 through 2013-05-19
3302,19,21,2013,114,18,0,24,0,4,7,2013-05-20 through 2013-05-26
3380,19,22,2013,79,12,0,16,0,0,4,2013-05-27 through 2013-06-02
3456,19,23,2013,97,15,0,16,0,1,8,2013-06-03 through 2013-06-09
3533,19,24,2013,97,10,0,13,0,0,5,2013-06-10 through 2013-06-16
3611,19,25,2013,87,11,0,12,0,1,4,2013-06-17 through 2013-06-23
3688,19,26,2013,93,8,0,8,0,3,3,2013-06-24 through 2013-06-30
3765,19,27,2013,84,17,1,22,1,1,10,2013-07-01 through 2013-07-07
3842,19,28,2013,86,16,0,18,0,6,1,2013-07-08 through 2013-07-14
3918,19,29,2013,77,9,0,10,0,1,1,2013-07-15 through 2013-07-21
3996,19,3,2013,77,9,0,11,0,2,4,2013-01-14 through 2013-01-20
4074,19,30,2013,81,12,0,22,0,1,1,2013-07-22 through 2013-07-28
4151,19,31,2013,89,12,1,14,1,1,5,2013-07-29 through 2013-08-04
4228,19,32,2013,66,8,0,14,0,0,3,2013-08-05 through 2013-08-11
4305,19,33,2013,86,12,0,15,0,2,7,2013-08-12 through 2013-08-18
4382,19,34,2013,85,17,0,21,0,5,5,2013-08-19 through 2013-08-25
4459,19,35,2013,87,9,0,9,0,1,3,2013-08-26 through 2013-09-01
4536,19,36,2013,75,8,0,8,0,2,2,2013-09-02 through 2013-09-08
4613,19,37,2013,118,9,0,13,0,3,1,2013-09-09 through 2013-09-15
4690,19,38,2013,109,14,0,18,0,4,7,2013-09-16 through 2013-09-22
4767,19,39,2013,103,21,0,22,0,5,5,2013-09-23 through 2013-09-29
4842,19,4,2013,105,12,0,13,0,1,6,2013-01-21 through 2013-01-27
4920,19,40,2013,103,9,0,11,0,2,3,2013-09-30 through 2013-10-06
4997,19,41,2013,107,12,0,15,0,0,5,2013-10-07 through 2013-10-13
5073,19,42,2013,91,11,0,16,0,1,3,2013-10-14 through 2013-10-20
5151,19,43,2013,89,15,0,15,0,2,6,2013-10-21 through 2013-10-27
5228,19,44,2013,99,10,0,14,0,1,3,2013-10-28 through 2013-11-03
5306,19,45,2013,108,12,0,15,0,1,7,2013-11-04 through 2013-11-10
5383,19,46,2013,103,15,0,17,0,2,7,2013-11-11 through 2013-11-17
5460,19,47,2013,119,17,0,18,0,6,8,2013-11-18 through 2013-11-24
5537,19,48,2013,109,10,1,11,1,0,9,2013-11-25 through 2013-12-01
5615,19,49,2013,109,13,0,15,0,0,8,2013-12-02 through 2013-12-08
5691,19,5,2013,96,16,1,22,1,3,8,2013-01-28 through 2013-02-03
5767,19,50,2013,107,11,0,11,0,1,6,2013-12-09 through 2013-12-15
5846,19,51,2013,81,9,0,9,0,0,5,2013-12-16 through 2013-12-22
5923,19,52,2013,69,7,0,10,0,0,1,2013-12-23 through 2013-12-29
5999,19,6,2013,74,9,0,9,0,2,4,2013-02-04 through 2013-02-10
6077,19,7,2013,78,12,0,12,0,2,7,2013-02-11 through 2013-02-17
6153,19,8,2013,66,6,1,6,1,1,3,2013-02-18 through 2013-02-24
6231,19,9,2013,81,8,0,8,0,1,6,2013-02-25 through 2013-03-03
6376,19,1,2014,51,7,0,12,0,1,2,2013-12-30 through 2014-01-05
6377,19,1,2014,28,3,0,4,0,0,1,2014-12-29 through 2015-01-04
6458,19,10,2014,74,8,0,8,0,2,2,2014-03-03 through 2014-03-09
6534,19,11,2014,91,7,0,8,0,1,2,2014-03-10 through 2014-03-16
6610,19,12,2014,96,9,0,9,0,1,7,2014-03-17 through 2014-03-23
6690,19,13,2014,85,9,0,11,0,0,5,2014-03-24 through 2014-03-30
6766,19,14,2014,103,6,0,7,0,0,3,2014-03-31 through 2014-04-06
6844,19,15,2014,108,16,1,17,1,3,9,2014-04-07 through 2014-04-13
6922,19,16,2014,73,11,0,11,0,5,4,2014-04-14 through 2014-04-20
6998,19,17,2014,100,11,0,14,0,1,7,2014-04-21 through 2014-04-27
7075,19,18,2014,106,14,0,17,0,0,8,2014-04-28 through 2014-05-04
7150,19,19,2014,114,16,1,28,1,1,7,2014-05-05 through 2014-05-11
7229,19,2,2014,101,8,0,12,0,2,2,2014-01-06 through 2014-01-12
7306,19,20,2014,118,12,0,15,0,3,5,2014-05-12 through 2014-05-18
7383,19,21,2014,72,12,0,19,0,3,7,2014-05-19 through 2014-05-25
7458,19,22,2014,85,9,0,10,0,1,5,2014-05-26 through 2014-06-01
7533,19,23,2014,107,8,0,8,0,0,5,2014-06-02 through 2014-06-08
7611,19,24,2014,88,11,0,12,0,3,5,2014-06-09 through 2014-06-15
7690,19,25,2014,103,13,0,13,0,4,4,2014-06-16 through 2014-06-22
7765,19,26,2014,98,13,0,19,0,5,4,2014-06-23 through 2014-06-29
7845,19,27,2014,64,12,0,18,0,3,6,2014-06-30 through 2014-07-06
7922,19,28,2014,74,8,0,12,0,1,1,2014-07-07 through 2014-07-13
7998,19,29,2014,76,11,0,12,0,0,5,2014-07-14 through 2014-07-20
8073,19,3,2014,106,12,0,13,0,3,3,2014-01-13 through 2014-01-19
8154,19,30,2014,84,14,0,15,0,2,2,2014-07-21 through 2014-07-27
8228,19,31,2014,83,9,0,10,0,1,3,2014-07-28 through 2014-08-03
8309,19,32,2014,72,7,0,7,0,1,1,2014-08-04 through 2014-08-10
8384,19,33,2014,76,11,0,11,0,2,5,2014-08-11 through 2014-08-17
8462,19,34,2014,88,10,0,14,0,3,0,2014-08-18 through 2014-08-24
8540,19,35,2014,81,7,1,8,1,0,2,2014-08-25 through 2014-08-31
8615,19,36,2014,98,11,0,14,0,2,1,2014-09-01 through 2014-09-07
8693,19,37,2014,85,11,0,12,0,2,8,2014-09-08 through 2014-09-14
8768,19,38,2014,109,14,0,15,0,5,6,2014-09-15 through 2014-09-21
8843,19,39,2014,100,14,0,24,0,1,7,2014-09-22 through 2014-09-28
8924,19,4,2014,105,14,0,16,0,1,8,2014-01-20 through 2014-01-26
8999,19,40,2014,102,13,0,16,0,2,4,2014-09-29 through 2014-10-05
9077,19,41,2014,86,8,1,12,1,1,3,2014-10-06 through 2014-10-12
9153,19,42,2014,85,8,0,11,0,2,2,2014-10-13 through 2014-10-19
9232,19,43,2014,107,12,0,13,0,1,4,2014-10-20 through 2014-10-26
9309,19,44,2014,99,12,0,14,0,1,6,2014-10-27 through 2014-11-02
9387,19,45,2014,92,5,0,7,0,0,2,2014-11-03 through 2014-11-09
9463,19,46,2014,97,14,0,15,0,1,5,2014-11-10 through 2014-11-16
9540,19,47,2014,113,17,0,22,0,3,3,2014-11-17 through 2014-11-23
9618,19,48,2014,82,6,0,7,0,0,3,2014-11-24 through 2014-11-30
9694,19,49,2014,134,16,1,20,1,1,14,2014-12-01 through 2014-12-07
9770,19,5,2014,103,14,1,16,1,2,6,2014-01-27 through 2014-02-02
9849,19,50,2014,121,13,0,14,0,2,5,2014-12-08 through 2014-12-14
9926,19,51,2014,108,18,0,20,0,2,9,2014-12-15 through 2014-12-21
10003,19,52,2014,65,11,0,13,0,3,5,2014-12-22 through 2014-12-28
10080,19,6,2014,79,8,0,8,0,0,4,2014-02-03 through 2014-02-09
10156,19,7,2014,86,13,0,13,0,0,10,2014-02-10 through 2014-02-16
10234,19,8,2014,75,14,0,14,0,2,8,2014-02-17 through 2014-02-23
10312,19,9,2014,90,13,0,13,0,1,5,2014-02-24 through 2014-03-02
10386,19,1,2015,43,8,1,8,1,0,4,2014-12-29 through 2015-01-04
10461,19,10,2015,100,9,0,11,0,0,1,2015-03-02 through 2015-03-08
10539,19,11,2015,83,15,0,19,0,0,6,2015-03-09 through 2015-03-15
10615,19,12,2015,77,10,0,16,0,1,4,2015-03-16 through 2015-03-22
10692,19,13,2015,80,5,0,6,0,1,2,2015-03-23 through 2015-03-29
10762,19,14,2015,103,9,0,10,0,1,4,2015-03-30 through 2015-04-05
10846,19,15,2015,86,9,0,14,0,1,3,2015-04-06 through 2015-04-12
10925,19,16,2015,26,3,0,3,0,1,1,2015-04-13 through 2015-04-19
10933,19,2,2015,102,7,0,7,0,0,3,2015-01-05 through 2015-01-11
11077,19,3,2015,90,9,0,10,0,0,7,2015-01-12 through 2015-01-18
11155,19,4,2015,91,13,1,14,1,1,4,2015-01-19 through 2015-01-25
11234,19,5,2015,78,3,0,4,0,0,2,2015-01-26 through 2015-02-01
11312,19,6,2015,89,12,0,15,0,0,8,2015-02-02 through 2015-02-08
11389,19,7,2015,94,12,0,12,0,2,8,2015-02-09 through 2015-02-15
11466,19,8,2015,78,10,0,11,0,1,4,2015-02-16 through 2015-02-22
11543,19,9,2015,47,4,0,5,0,0,2,2015-02-23 through 2015-03-01
