row_number,precinct,week,year,all_collisions,injury_collisions,fatal_collisions,injures,fatalities,cyclists_involved,pedestrians_involved,label
59,109,1,2012,9,0,0,0,0,0,0,2012-12-31 through 2013-01-06
138,109,26,2012,13,3,0,5,0,0,1,2012-06-25 through 2012-07-01
214,109,27,2012,89,19,0,24,0,1,6,2012-07-02 through 2012-07-08
291,109,28,2012,82,19,0,22,0,1,4,2012-07-09 through 2012-07-15
368,109,29,2012,101,12,0,17,0,2,3,2012-07-16 through 2012-07-22
449,109,30,2012,91,17,0,27,0,1,3,2012-07-23 through 2012-07-29
524,109,31,2012,88,13,0,15,0,0,7,2012-07-30 through 2012-08-05
601,109,32,2012,108,13,0,15,0,0,5,2012-08-06 through 2012-08-12
678,109,33,2012,83,12,0,19,0,1,6,2012-08-13 through 2012-08-19
755,109,34,2012,74,13,0,19,0,0,2,2012-08-20 through 2012-08-26
832,109,35,2012,110,24,0,29,0,2,5,2012-08-27 through 2012-09-02
909,109,36,2012,99,14,0,20,0,1,3,2012-09-03 through 2012-09-09
986,109,37,2012,90,16,0,22,0,4,4,2012-09-10 through 2012-09-16
1063,109,38,2012,100,20,0,25,0,2,7,2012-09-17 through 2012-09-23
1140,109,39,2012,88,10,0,17,0,1,3,2012-09-24 through 2012-09-30
1215,109,40,2012,87,10,0,15,0,1,2,2012-10-01 through 2012-10-07
1294,109,41,2012,105,18,0,27,0,1,3,2012-10-08 through 2012-10-14
1371,109,42,2012,92,15,1,20,1,0,6,2012-10-15 through 2012-10-21
1450,109,43,2012,74,12,0,17,0,0,5,2012-10-22 through 2012-10-28
1527,109,44,2012,72,7,1,7,1,1,3,2012-10-29 through 2012-11-04
1602,109,45,2012,86,16,0,24,0,0,5,2012-11-05 through 2012-11-11
1679,109,46,2012,88,17,0,18,0,2,9,2012-11-12 through 2012-11-18
1756,109,47,2012,86,11,0,16,0,0,7,2012-11-19 through 2012-11-25
1833,109,48,2012,84,19,0,27,0,0,7,2012-11-26 through 2012-12-02
1910,109,49,2012,85,25,0,32,0,0,13,2012-12-03 through 2012-12-09
1991,109,50,2012,73,12,0,15,0,0,6,2012-12-10 through 2012-12-16
2068,109,51,2012,97,20,0,32,0,0,8,2012-12-17 through 2012-12-23
2145,109,52,2012,75,8,1,13,1,0,5,2012-12-24 through 2012-12-30
2274,109,1,2013,80,17,0,20,0,0,6,2012-12-31 through 2013-01-06
2280,109,1,2013,22,5,1,5,1,0,2,2013-12-30 through 2014-01-05
2370,109,10,2013,106,13,0,20,0,0,3,2013-03-04 through 2013-03-10
2449,109,11,2013,77,15,0,19,0,0,6,2013-03-11 through 2013-03-17
2526,109,12,2013,87,17,0,19,0,3,7,2013-03-18 through 2013-03-24
2603,109,13,2013,88,13,0,15,0,0,5,2013-03-25 through 2013-03-31
2680,109,14,2013,103,13,0,14,0,2,3,2013-04-01 through 2013-04-07
2757,109,15,2013,79,14,0,26,0,0,5,2013-04-08 through 2013-04-14
2834,109,16,2013,77,16,0,21,0,0,7,2013-04-15 through 2013-04-21
2909,109,17,2013,97,16,0,20,0,0,6,2013-04-22 through 2013-04-28
2986,109,18,2013,85,19,0,22,0,0,4,2013-04-29 through 2013-05-05
3064,109,19,2013,82,23,0,35,0,0,9,2013-05-06 through 2013-05-12
3141,109,2,2013,80,18,1,26,1,0,8,2013-01-07 through 2013-01-13
3218,109,20,2013,101,16,0,17,0,1,5,2013-05-13 through 2013-05-19
3295,109,21,2013,95,13,0,17,0,1,3,2013-05-20 through 2013-05-26
3373,109,22,2013,93,11,0,15,0,1,4,2013-05-27 through 2013-06-02
3450,109,23,2013,115,20,0,30,0,2,6,2013-06-03 through 2013-06-09
3527,109,24,2013,92,9,1,15,1,1,3,2013-06-10 through 2013-06-16
3604,109,25,2013,92,16,0,25,0,3,4,2013-06-17 through 2013-06-23
3680,109,26,2013,90,18,0,26,0,5,5,2013-06-24 through 2013-06-30
3757,109,27,2013,91,15,0,18,0,1,3,2013-07-01 through 2013-07-07
3833,109,28,2013,100,11,0,15,0,1,4,2013-07-08 through 2013-07-14
3911,109,29,2013,98,13,0,21,0,0,5,2013-07-15 through 2013-07-21
3987,109,3,2013,95,17,0,21,0,0,8,2013-01-14 through 2013-01-20
4066,109,30,2013,86,16,0,18,0,1,7,2013-07-22 through 2013-07-28
4140,109,31,2013,80,22,0,28,0,2,5,2013-07-29 through 2013-08-04
4219,109,32,2013,71,16,0,21,0,0,4,2013-08-05 through 2013-08-11
4296,109,33,2013,91,19,0,36,0,3,3,2013-08-12 through 2013-08-18
4372,109,34,2013,78,15,0,20,0,0,6,2013-08-19 through 2013-08-25
4451,109,35,2013,67,12,0,14,0,1,1,2013-08-26 through 2013-09-01
4528,109,36,2013,73,16,0,23,0,0,2,2013-09-02 through 2013-09-08
4603,109,37,2013,84,15,0,24,0,1,10,2013-09-09 through 2013-09-15
4680,109,38,2013,108,14,0,16,0,1,7,2013-09-16 through 2013-09-22
4754,109,39,2013,110,26,0,32,0,2,11,2013-09-23 through 2013-09-29
4833,109,4,2013,85,8,0,11,0,0,2,2013-01-21 through 2013-01-27
4910,109,40,2013,90,15,1,16,1,1,5,2013-09-30 through 2013-10-06
4990,109,41,2013,98,17,1,19,1,2,1,2013-10-07 through 2013-10-13
5067,109,42,2013,76,13,0,17,0,1,4,2013-10-14 through 2013-10-20
5144,109,43,2013,100,23,0,26,0,4,9,2013-10-21 through 2013-10-27
5218,109,44,2013,90,14,0,17,0,1,5,2013-10-28 through 2013-11-03
5295,109,45,2013,112,24,0,26,0,2,11,2013-11-04 through 2013-11-10
5373,109,46,2013,99,15,1,15,1,0,9,2013-11-11 through 2013-11-17
5452,109,47,2013,90,15,0,17,0,0,6,2013-11-18 through 2013-11-24
5529,109,48,2013,113,18,0,20,0,0,11,2013-11-25 through 2013-12-01
5606,109,49,2013,99,16,0,21,0,0,7,2013-12-02 through 2013-12-08
5682,109,5,2013,84,19,1,21,1,1,9,2013-01-28 through 2013-02-03
5758,109,50,2013,89,14,0,18,0,1,7,2013-12-09 through 2013-12-15
5840,109,51,2013,114,20,0,27,0,0,8,2013-12-16 through 2013-12-22
5916,109,52,2013,79,13,0,17,0,0,8,2013-12-23 through 2013-12-29
5992,109,6,2013,90,16,0,17,0,0,10,2013-02-04 through 2013-02-10
6065,109,7,2013,72,17,0,18,0,0,10,2013-02-11 through 2013-02-17
6142,109,8,2013,68,9,0,10,0,0,5,2013-02-18 through 2013-02-24
6222,109,9,2013,73,9,1,12,1,0,1,2013-02-25 through 2013-03-03
6351,109,1,2014,46,4,0,4,0,0,0,2013-12-30 through 2014-01-05
6352,109,1,2014,31,5,0,5,0,1,2,2014-12-29 through 2015-01-04
6446,109,10,2014,86,17,0,22,0,0,5,2014-03-03 through 2014-03-09
6521,109,11,2014,67,12,0,13,0,1,4,2014-03-10 through 2014-03-16
6598,109,12,2014,88,18,0,28,0,0,6,2014-03-17 through 2014-03-23
6681,109,13,2014,114,13,1,17,1,0,5,2014-03-24 through 2014-03-30
6756,109,14,2014,87,16,0,22,0,1,3,2014-03-31 through 2014-04-06
6831,109,15,2014,79,15,0,19,0,3,4,2014-04-07 through 2014-04-13
6908,109,16,2014,88,15,0,18,0,0,6,2014-04-14 through 2014-04-20
6983,109,17,2014,84,13,0,18,0,1,5,2014-04-21 through 2014-04-27
7059,109,18,2014,100,20,0,38,0,2,5,2014-04-28 through 2014-05-04
7135,109,19,2014,100,13,0,22,0,0,1,2014-05-05 through 2014-05-11
7211,109,2,2014,107,23,0,28,0,1,15,2014-01-06 through 2014-01-12
7292,109,20,2014,101,12,0,13,0,0,6,2014-05-12 through 2014-05-18
7366,109,21,2014,102,16,0,23,0,2,2,2014-05-19 through 2014-05-25
7441,109,22,2014,97,13,0,16,0,1,5,2014-05-26 through 2014-06-01
7519,109,23,2014,113,20,0,27,0,1,6,2014-06-02 through 2014-06-08
7595,109,24,2014,94,10,0,18,0,0,3,2014-06-09 through 2014-06-15
7679,109,25,2014,133,25,0,32,0,2,6,2014-06-16 through 2014-06-22
7754,109,26,2014,101,8,0,15,0,1,2,2014-06-23 through 2014-06-29
7829,109,27,2014,94,11,0,15,0,2,4,2014-06-30 through 2014-07-06
7908,109,28,2014,83,9,0,10,0,1,3,2014-07-07 through 2014-07-13
7985,109,29,2014,102,14,0,16,0,2,5,2014-07-14 through 2014-07-20
8061,109,3,2014,101,17,0,20,0,0,12,2014-01-13 through 2014-01-19
8142,109,30,2014,105,20,0,22,0,4,8,2014-07-21 through 2014-07-27
8216,109,31,2014,108,15,1,18,1,1,4,2014-07-28 through 2014-08-03
8294,109,32,2014,101,17,0,24,0,1,6,2014-08-04 through 2014-08-10
8373,109,33,2014,90,8,1,11,1,1,0,2014-08-11 through 2014-08-17
8451,109,34,2014,106,16,0,20,0,0,3,2014-08-18 through 2014-08-24
8524,109,35,2014,100,10,1,12,1,2,3,2014-08-25 through 2014-08-31
8601,109,36,2014,88,12,0,14,0,0,2,2014-09-01 through 2014-09-07
8678,109,37,2014,92,13,0,16,0,1,3,2014-09-08 through 2014-09-14
8751,109,38,2014,93,18,0,25,0,2,5,2014-09-15 through 2014-09-21
8830,109,39,2014,112,13,0,20,0,0,4,2014-09-22 through 2014-09-28
8900,109,4,2014,93,13,0,15,0,0,7,2014-01-20 through 2014-01-26
8981,109,40,2014,96,20,0,27,0,0,7,2014-09-29 through 2014-10-05
9062,109,41,2014,94,10,0,12,0,2,3,2014-10-06 through 2014-10-12
9139,109,42,2014,108,17,0,22,0,5,2,2014-10-13 through 2014-10-19
9214,109,43,2014,96,14,0,14,0,1,5,2014-10-20 through 2014-10-26
9296,109,44,2014,98,17,0,24,0,1,5,2014-10-27 through 2014-11-02
9371,109,45,2014,94,11,1,11,1,3,5,2014-11-03 through 2014-11-09
9449,109,46,2014,78,16,0,20,0,2,5,2014-11-10 through 2014-11-16
9530,109,47,2014,110,16,0,16,0,1,10,2014-11-17 through 2014-11-23
9601,109,48,2014,101,17,0,22,0,3,5,2014-11-24 through 2014-11-30
9679,109,49,2014,95,25,1,28,1,0,16,2014-12-01 through 2014-12-07
9758,109,5,2014,99,12,0,15,0,0,4,2014-01-27 through 2014-02-02
9839,109,50,2014,99,20,0,24,0,2,7,2014-12-08 through 2014-12-14
9914,109,51,2014,112,17,0,18,0,0,6,2014-12-15 through 2014-12-21
9990,109,52,2014,94,11,0,12,0,0,7,2014-12-22 through 2014-12-28
10067,109,6,2014,119,6,0,6,0,0,1,2014-02-03 through 2014-02-09
10143,109,7,2014,113,11,0,15,0,0,5,2014-02-10 through 2014-02-16
10220,109,8,2014,90,6,0,6,0,0,4,2014-02-17 through 2014-02-23
10298,109,9,2014,83,17,0,20,0,0,12,2014-02-24 through 2014-03-02
10360,109,1,2015,49,6,0,10,0,0,4,2014-12-29 through 2015-01-04
10440,109,10,2015,128,17,0,23,0,0,7,2015-03-02 through 2015-03-08
10521,109,11,2015,84,16,0,19,0,0,6,2015-03-09 through 2015-03-15
10595,109,12,2015,108,15,0,25,0,1,2,2015-03-16 through 2015-03-22
10679,109,13,2015,101,15,0,19,0,0,8,2015-03-23 through 2015-03-29
10746,109,14,2015,100,9,0,10,0,1,1,2015-03-30 through 2015-04-05
10826,109,15,2015,78,4,0,8,0,0,2,2015-04-06 through 2015-04-12
10899,109,16,2015,25,6,0,8,0,1,0,2015-04-13 through 2015-04-19
10981,109,2,2015,112,12,0,18,0,0,3,2015-01-05 through 2015-01-11
11062,109,3,2015,110,21,0,24,0,2,8,2015-01-12 through 2015-01-18
11129,109,4,2015,92,12,1,13,1,0,6,2015-01-19 through 2015-01-25
11219,109,5,2015,102,9,0,11,0,0,5,2015-01-26 through 2015-02-01
11295,109,6,2015,130,14,0,14,0,1,7,2015-02-02 through 2015-02-08
11371,109,7,2015,119,16,0,18,0,0,4,2015-02-09 through 2015-02-15
11448,109,8,2015,121,11,1,13,1,1,3,2015-02-16 through 2015-02-22
11526,109,9,2015,81,9,0,13,0,0,1,2015-02-23 through 2015-03-01
