row_number,precinct,week,year,all_collisions,injury_collisions,fatal_collisions,injures,fatalities,cyclists_involved,pedestrians_involved,label
2,45,1,2012,6,2,0,2,0,0,1,2012-12-31 through 2013-01-06
117,45,26,2012,9,4,0,5,0,0,0,2012-06-25 through 2012-07-01
209,45,27,2012,40,10,0,14,0,2,2,2012-07-02 through 2012-07-08
294,45,28,2012,34,10,0,13,0,0,5,2012-07-09 through 2012-07-15
351,45,29,2012,41,11,0,25,0,1,1,2012-07-16 through 2012-07-22
390,45,30,2012,43,6,0,7,0,0,1,2012-07-23 through 2012-07-29
471,45,31,2012,34,8,0,10,0,2,2,2012-07-30 through 2012-08-05
538,45,32,2012,36,3,0,7,0,0,0,2012-08-06 through 2012-08-12
635,45,33,2012,38,6,0,8,0,1,3,2012-08-13 through 2012-08-19
714,45,34,2012,29,6,0,10,0,0,0,2012-08-20 through 2012-08-26
801,45,35,2012,43,9,0,20,0,0,3,2012-08-27 through 2012-09-02
882,45,36,2012,38,5,0,5,0,0,1,2012-09-03 through 2012-09-09
947,45,37,2012,44,10,1,17,1,1,4,2012-09-10 through 2012-09-16
1038,45,38,2012,39,10,0,12,0,1,3,2012-09-17 through 2012-09-23
1117,45,39,2012,25,6,1,8,1,0,0,2012-09-24 through 2012-09-30
1202,45,40,2012,31,7,0,8,0,0,3,2012-10-01 through 2012-10-07
1227,45,41,2012,32,11,0,14,0,2,1,2012-10-08 through 2012-10-14
1324,45,42,2012,34,6,0,10,0,1,1,2012-10-15 through 2012-10-21
1435,45,43,2012,38,10,0,15,0,1,0,2012-10-22 through 2012-10-28
1474,45,44,2012,25,4,0,6,0,0,0,2012-10-29 through 2012-11-04
1567,45,45,2012,25,5,0,9,0,0,0,2012-11-05 through 2012-11-11
1646,45,46,2012,30,4,0,5,0,0,1,2012-11-12 through 2012-11-18
1725,45,47,2012,36,10,0,18,0,1,2,2012-11-19 through 2012-11-25
1804,45,48,2012,33,9,0,12,0,0,4,2012-11-26 through 2012-12-02
1875,45,49,2012,27,7,0,8,0,0,4,2012-12-03 through 2012-12-09
1926,45,50,2012,46,14,0,19,0,0,3,2012-12-10 through 2012-12-16
2053,45,51,2012,49,9,0,10,0,1,4,2012-12-17 through 2012-12-23
2124,45,52,2012,37,10,0,14,0,0,1,2012-12-24 through 2012-12-30
2231,45,1,2013,32,10,0,13,0,0,2,2012-12-31 through 2013-01-06
2261,45,1,2013,6,1,0,1,0,0,1,2013-12-30 through 2014-01-05
2319,45,10,2013,39,5,0,5,0,0,3,2013-03-04 through 2013-03-10
2394,45,11,2013,47,8,0,9,0,0,2,2013-03-11 through 2013-03-17
2461,45,12,2013,42,10,0,17,0,1,1,2013-03-18 through 2013-03-24
2552,45,13,2013,34,8,0,8,0,2,1,2013-03-25 through 2013-03-31
2642,45,14,2013,33,8,0,15,0,0,1,2013-04-01 through 2013-04-07
2715,45,15,2013,39,13,0,18,0,0,2,2013-04-08 through 2013-04-14
2792,45,16,2013,43,17,0,20,0,0,4,2013-04-15 through 2013-04-21
2869,45,17,2013,26,4,0,7,0,0,0,2013-04-22 through 2013-04-28
2944,45,18,2013,40,8,0,9,0,0,1,2013-04-29 through 2013-05-05
3023,45,19,2013,42,13,0,18,0,0,2,2013-05-06 through 2013-05-12
3100,45,2,2013,31,7,0,7,0,0,1,2013-01-07 through 2013-01-13
3203,45,20,2013,36,4,0,7,0,0,0,2013-05-13 through 2013-05-19
3282,45,21,2013,42,9,0,13,0,0,1,2013-05-20 through 2013-05-26
3359,45,22,2013,50,12,0,26,0,0,5,2013-05-27 through 2013-06-02
3412,45,23,2013,34,6,0,6,0,0,4,2013-06-03 through 2013-06-09
3525,45,24,2013,44,7,0,9,0,0,1,2013-06-10 through 2013-06-16
3605,45,25,2013,33,8,0,14,0,1,3,2013-06-17 through 2013-06-23
3682,45,26,2013,34,6,0,13,0,2,1,2013-06-24 through 2013-06-30
3760,45,27,2013,40,7,0,15,0,1,1,2013-07-01 through 2013-07-07
3841,45,28,2013,32,9,0,18,0,1,0,2013-07-08 through 2013-07-14
3856,45,29,2013,37,7,0,8,0,2,2,2013-07-15 through 2013-07-21
3929,45,3,2013,48,8,0,9,0,0,2,2013-01-14 through 2013-01-20
4026,45,30,2013,38,6,1,9,1,0,2,2013-07-22 through 2013-07-28
4146,45,31,2013,49,6,0,8,0,0,0,2013-07-29 through 2013-08-04
4192,45,32,2013,34,6,0,7,0,1,0,2013-08-05 through 2013-08-11
4275,45,33,2013,35,10,0,18,0,0,0,2013-08-12 through 2013-08-18
4352,45,34,2013,28,5,0,9,0,0,1,2013-08-19 through 2013-08-25
4440,45,35,2013,25,7,0,14,0,0,1,2013-08-26 through 2013-09-01
4518,45,36,2013,33,6,0,7,0,1,0,2013-09-02 through 2013-09-08
4571,45,37,2013,37,9,0,17,0,0,3,2013-09-09 through 2013-09-15
4675,45,38,2013,35,12,0,20,0,1,4,2013-09-16 through 2013-09-22
4751,45,39,2013,39,9,0,12,0,0,3,2013-09-23 through 2013-09-29
4835,45,4,2013,29,7,0,10,0,0,1,2013-01-21 through 2013-01-27
4918,45,40,2013,31,6,0,8,0,0,0,2013-09-30 through 2013-10-06
4992,45,41,2013,31,9,0,11,0,0,0,2013-10-07 through 2013-10-13
5017,45,42,2013,32,8,0,12,0,0,3,2013-10-14 through 2013-10-20
5108,45,43,2013,34,7,1,7,1,0,3,2013-10-21 through 2013-10-27
5185,45,44,2013,25,8,0,9,0,0,2,2013-10-28 through 2013-11-03
5289,45,45,2013,33,10,1,14,2,0,3,2013-11-04 through 2013-11-10
5347,45,46,2013,28,6,0,8,0,0,1,2013-11-11 through 2013-11-17
5436,45,47,2013,25,4,0,4,0,0,3,2013-11-18 through 2013-11-24
5507,45,48,2013,45,17,0,21,0,0,4,2013-11-25 through 2013-12-01
5597,45,49,2013,34,5,0,6,0,0,1,2013-12-02 through 2013-12-08
5671,45,5,2013,34,9,0,19,0,0,1,2013-01-28 through 2013-02-03
5751,45,50,2013,37,7,0,10,0,0,1,2013-12-09 through 2013-12-15
5828,45,51,2013,43,9,0,11,0,0,3,2013-12-16 through 2013-12-22
5904,45,52,2013,24,6,0,7,0,0,2,2013-12-23 through 2013-12-29
5995,45,6,2013,47,13,0,18,0,0,5,2013-02-04 through 2013-02-10
6076,45,7,2013,36,12,0,17,0,0,4,2013-02-11 through 2013-02-17
6145,45,8,2013,28,9,0,11,0,1,1,2013-02-18 through 2013-02-24
6174,45,9,2013,33,6,0,7,0,0,2,2013-02-25 through 2013-03-03
6344,45,1,2014,11,3,0,7,0,0,0,2014-12-29 through 2015-01-04
6356,45,1,2014,17,0,0,0,0,0,0,2013-12-30 through 2014-01-05
6456,45,10,2014,27,7,0,9,0,0,5,2014-03-03 through 2014-03-09
6538,45,11,2014,35,8,0,10,0,0,1,2014-03-10 through 2014-03-16
6595,45,12,2014,38,4,0,4,0,0,1,2014-03-17 through 2014-03-23
6634,45,13,2014,29,10,0,18,0,0,0,2014-03-24 through 2014-03-30
6726,45,14,2014,27,6,0,8,0,0,3,2014-03-31 through 2014-04-06
6802,45,15,2014,45,8,0,8,0,0,2,2014-04-07 through 2014-04-13
6885,45,16,2014,28,4,0,8,0,0,1,2014-04-14 through 2014-04-20
6960,45,17,2014,30,7,0,9,0,0,3,2014-04-21 through 2014-04-27
7039,45,18,2014,42,8,0,14,0,0,1,2014-04-28 through 2014-05-04
7118,45,19,2014,38,11,0,16,0,0,2,2014-05-05 through 2014-05-11
7195,45,2,2014,27,7,0,7,0,0,2,2014-01-06 through 2014-01-12
7278,45,20,2014,31,8,0,9,0,3,0,2014-05-12 through 2014-05-18
7356,45,21,2014,34,11,0,20,0,2,1,2014-05-19 through 2014-05-25
7428,45,22,2014,45,13,0,15,0,0,6,2014-05-26 through 2014-06-01
7471,45,23,2014,44,9,0,14,0,0,3,2014-06-02 through 2014-06-08
7587,45,24,2014,30,7,1,9,1,0,2,2014-06-09 through 2014-06-15
7676,45,25,2014,42,12,0,13,0,2,2,2014-06-16 through 2014-06-22
7761,45,26,2014,42,8,0,9,0,4,0,2014-06-23 through 2014-06-29
7844,45,27,2014,32,8,0,8,0,1,5,2014-06-30 through 2014-07-06
7911,45,28,2014,32,6,0,8,0,3,0,2014-07-07 through 2014-07-13
7945,45,29,2014,30,5,0,8,0,0,0,2014-07-14 through 2014-07-20
8018,45,3,2014,32,7,0,14,0,0,3,2014-01-13 through 2014-01-19
8108,45,30,2014,51,6,0,7,0,0,2,2014-07-21 through 2014-07-27
8183,45,31,2014,31,6,0,7,0,0,0,2014-07-28 through 2014-08-03
8263,45,32,2014,32,8,1,13,1,0,2,2014-08-04 through 2014-08-10
8352,45,33,2014,29,3,0,5,0,0,1,2014-08-11 through 2014-08-17
8425,45,34,2014,45,4,0,5,0,0,2,2014-08-18 through 2014-08-24
8509,45,35,2014,36,8,0,9,0,2,1,2014-08-25 through 2014-08-31
8586,45,36,2014,24,8,0,10,0,2,1,2014-09-01 through 2014-09-07
8635,45,37,2014,33,6,1,13,1,0,1,2014-09-08 through 2014-09-14
8740,45,38,2014,40,9,0,10,0,0,1,2014-09-15 through 2014-09-21
8810,45,39,2014,33,11,0,20,0,0,2,2014-09-22 through 2014-09-28
8909,45,4,2014,32,6,0,7,0,0,2,2014-01-20 through 2014-01-26
9002,45,40,2014,41,10,0,22,0,0,0,2014-09-29 through 2014-10-05
9047,45,41,2014,37,15,0,16,0,1,4,2014-10-06 through 2014-10-12
9090,45,42,2014,36,4,0,5,0,1,0,2014-10-13 through 2014-10-19
9178,45,43,2014,34,9,0,12,0,0,2,2014-10-20 through 2014-10-26
9268,45,44,2014,38,8,0,12,0,1,4,2014-10-27 through 2014-11-02
9320,45,45,2014,40,9,0,16,0,0,2,2014-11-03 through 2014-11-09
9433,45,46,2014,26,6,1,7,1,0,3,2014-11-10 through 2014-11-16
9505,45,47,2014,49,9,0,15,0,1,3,2014-11-17 through 2014-11-23
9587,45,48,2014,35,7,0,12,0,0,1,2014-11-24 through 2014-11-30
9666,45,49,2014,40,12,0,14,0,0,7,2014-12-01 through 2014-12-07
9737,45,5,2014,40,4,0,5,0,0,0,2014-01-27 through 2014-02-02
9822,45,50,2014,54,11,0,18,0,1,3,2014-12-08 through 2014-12-14
9909,45,51,2014,38,4,0,4,0,0,2,2014-12-15 through 2014-12-21
9994,45,52,2014,33,7,0,10,0,1,4,2014-12-22 through 2014-12-28
10074,45,6,2014,44,2,0,2,0,0,0,2014-02-03 through 2014-02-09
10158,45,7,2014,45,4,0,5,0,0,1,2014-02-10 through 2014-02-16
10202,45,8,2014,33,7,0,11,0,1,2,2014-02-17 through 2014-02-23
10244,45,9,2014,36,7,0,11,0,0,1,2014-02-24 through 2014-03-02
10378,45,1,2015,16,3,0,7,0,0,0,2014-12-29 through 2015-01-04
10454,45,10,2015,59,3,0,3,0,0,0,2015-03-02 through 2015-03-08
10541,45,11,2015,51,10,0,12,0,0,1,2015-03-09 through 2015-03-15
10556,45,12,2015,37,9,0,12,0,0,3,2015-03-16 through 2015-03-22
10626,45,13,2015,28,2,0,2,0,0,0,2015-03-23 through 2015-03-29
10715,45,14,2015,27,3,0,3,0,0,0,2015-03-30 through 2015-04-05
10799,45,15,2015,37,7,0,14,0,1,0,2015-04-06 through 2015-04-12
10876,45,16,2015,8,0,0,0,0,0,0,2015-04-13 through 2015-04-19
10959,45,2,2015,32,2,0,2,0,0,1,2015-01-05 through 2015-01-11
11028,45,3,2015,76,19,0,36,0,0,2,2015-01-12 through 2015-01-18
11138,45,4,2015,34,3,0,3,0,0,3,2015-01-19 through 2015-01-25
11192,45,5,2015,34,6,0,11,0,0,3,2015-01-26 through 2015-02-01
11299,45,6,2015,37,1,0,1,0,0,1,2015-02-02 through 2015-02-08
11385,45,7,2015,41,7,0,8,0,0,4,2015-02-09 through 2015-02-15
11398,45,8,2015,25,3,0,4,0,0,1,2015-02-16 through 2015-02-22
11473,45,9,2015,31,5,0,8,0,0,0,2015-02-23 through 2015-03-01
