row_number,precinct,week,year,all_collisions,injury_collisions,fatal_collisions,injures,fatalities,cyclists_involved,pedestrians_involved,label
71,18,1,2012,5,0,0,0,0,0,0,2012-12-31 through 2013-01-06
146,18,26,2012,16,3,0,3,0,0,1,2012-06-25 through 2012-07-01
222,18,27,2012,65,11,0,13,0,2,5,2012-07-02 through 2012-07-08
298,18,28,2012,95,5,0,7,0,0,4,2012-07-09 through 2012-07-15
374,18,29,2012,97,13,0,16,0,4,4,2012-07-16 through 2012-07-22
453,18,30,2012,91,12,0,12,0,1,3,2012-07-23 through 2012-07-29
530,18,31,2012,82,8,0,8,0,4,0,2012-07-30 through 2012-08-05
607,18,32,2012,82,13,1,14,1,2,9,2012-08-06 through 2012-08-12
684,18,33,2012,84,13,0,13,0,4,4,2012-08-13 through 2012-08-19
761,18,34,2012,79,10,0,14,0,3,7,2012-08-20 through 2012-08-26
838,18,35,2012,67,7,0,7,0,4,1,2012-08-27 through 2012-09-02
915,18,36,2012,76,5,0,7,0,1,2,2012-09-03 through 2012-09-09
992,18,37,2012,95,6,0,10,0,2,3,2012-09-10 through 2012-09-16
1069,18,38,2012,89,9,2,13,2,0,6,2012-09-17 through 2012-09-23
1145,18,39,2012,101,10,1,12,1,2,6,2012-09-24 through 2012-09-30
1223,18,40,2012,106,10,0,10,0,2,3,2012-10-01 through 2012-10-07
1300,18,41,2012,76,5,0,7,0,3,3,2012-10-08 through 2012-10-14
1377,18,42,2012,117,13,0,15,0,0,9,2012-10-15 through 2012-10-21
1455,18,43,2012,94,12,0,13,0,3,1,2012-10-22 through 2012-10-28
1532,18,44,2012,38,4,0,4,0,1,3,2012-10-29 through 2012-11-04
1609,18,45,2012,80,10,0,10,0,2,6,2012-11-05 through 2012-11-11
1686,18,46,2012,95,9,0,10,0,3,6,2012-11-12 through 2012-11-18
1763,18,47,2012,55,3,0,4,0,0,1,2012-11-19 through 2012-11-25
1839,18,48,2012,104,9,0,11,0,2,4,2012-11-26 through 2012-12-02
1916,18,49,2012,120,16,0,17,0,4,5,2012-12-03 through 2012-12-09
1995,18,50,2012,106,13,0,14,0,4,6,2012-12-10 through 2012-12-16
2072,18,51,2012,112,11,0,13,0,3,4,2012-12-17 through 2012-12-23
2149,18,52,2012,67,6,1,6,1,0,4,2012-12-24 through 2012-12-30
2297,18,1,2013,36,0,0,0,0,0,0,2012-12-31 through 2013-01-06
2298,18,1,2013,27,3,0,3,0,0,2,2013-12-30 through 2014-01-05
2378,18,10,2013,79,9,0,11,0,0,8,2013-03-04 through 2013-03-10
2455,18,11,2013,89,10,0,13,0,0,5,2013-03-11 through 2013-03-17
2532,18,12,2013,77,10,0,11,0,0,5,2013-03-18 through 2013-03-24
2609,18,13,2013,76,10,0,11,0,3,6,2013-03-25 through 2013-03-31
2686,18,14,2013,71,9,0,9,0,2,5,2013-04-01 through 2013-04-07
2763,18,15,2013,92,11,0,11,0,3,6,2013-04-08 through 2013-04-14
2839,18,16,2013,72,10,0,11,0,0,6,2013-04-15 through 2013-04-21
2915,18,17,2013,76,8,0,8,0,2,5,2013-04-22 through 2013-04-28
2992,18,18,2013,95,8,0,12,0,0,5,2013-04-29 through 2013-05-05
3069,18,19,2013,74,16,0,22,0,4,3,2013-05-06 through 2013-05-12
3147,18,2,2013,74,8,0,9,0,2,2,2013-01-07 through 2013-01-13
3223,18,20,2013,103,8,0,11,0,0,4,2013-05-13 through 2013-05-19
3300,18,21,2013,101,11,0,16,0,1,6,2013-05-20 through 2013-05-26
3378,18,22,2013,80,6,0,6,0,2,2,2013-05-27 through 2013-06-02
3455,18,23,2013,100,15,0,21,0,4,9,2013-06-03 through 2013-06-09
3532,18,24,2013,96,15,0,17,0,4,7,2013-06-10 through 2013-06-16
3610,18,25,2013,92,8,0,8,0,1,4,2013-06-17 through 2013-06-23
3687,18,26,2013,85,6,0,7,0,3,0,2013-06-24 through 2013-06-30
3763,18,27,2013,56,6,0,12,0,1,0,2013-07-01 through 2013-07-07
3839,18,28,2013,90,9,0,10,0,0,4,2013-07-08 through 2013-07-14
3916,18,29,2013,107,12,0,16,0,1,12,2013-07-15 through 2013-07-21
3992,18,3,2013,78,8,0,8,0,2,4,2013-01-14 through 2013-01-20
4072,18,30,2013,87,8,0,8,0,3,4,2013-07-22 through 2013-07-28
4148,18,31,2013,80,11,0,15,0,4,3,2013-07-29 through 2013-08-04
4225,18,32,2013,79,8,0,10,0,2,2,2013-08-05 through 2013-08-11
4302,18,33,2013,94,3,1,4,1,1,2,2013-08-12 through 2013-08-18
4379,18,34,2013,68,8,0,10,0,4,2,2013-08-19 through 2013-08-25
4457,18,35,2013,65,4,0,4,0,1,1,2013-08-26 through 2013-09-01
4533,18,36,2013,92,9,1,9,1,3,4,2013-09-02 through 2013-09-08
4610,18,37,2013,85,11,0,17,0,1,5,2013-09-09 through 2013-09-15
4688,18,38,2013,100,15,0,15,0,6,5,2013-09-16 through 2013-09-22
4762,18,39,2013,82,8,0,8,0,2,6,2013-09-23 through 2013-09-29
4838,18,4,2013,75,7,0,7,0,0,4,2013-01-21 through 2013-01-27
4916,18,40,2013,91,11,0,17,0,0,5,2013-09-30 through 2013-10-06
4995,18,41,2013,96,13,0,14,0,4,8,2013-10-07 through 2013-10-13
5072,18,42,2013,110,10,0,10,0,2,7,2013-10-14 through 2013-10-20
5149,18,43,2013,91,7,0,7,0,1,5,2013-10-21 through 2013-10-27
5226,18,44,2013,95,10,0,14,0,2,6,2013-10-28 through 2013-11-03
5303,18,45,2013,100,9,0,10,0,3,3,2013-11-04 through 2013-11-10
5380,18,46,2013,76,5,0,7,0,2,3,2013-11-11 through 2013-11-17
5458,18,47,2013,108,12,0,13,0,3,4,2013-11-18 through 2013-11-24
5533,18,48,2013,89,10,0,14,0,2,3,2013-11-25 through 2013-12-01
5612,18,49,2013,97,10,0,13,0,1,8,2013-12-02 through 2013-12-08
5688,18,5,2013,73,12,0,13,0,1,9,2013-01-28 through 2013-02-03
5766,18,50,2013,118,10,0,10,0,3,3,2013-12-09 through 2013-12-15
5845,18,51,2013,100,12,0,12,0,1,7,2013-12-16 through 2013-12-22
5921,18,52,2013,93,6,0,6,0,1,3,2013-12-23 through 2013-12-29
5998,18,6,2013,60,7,0,8,0,0,4,2013-02-04 through 2013-02-10
6073,18,7,2013,71,9,0,9,0,0,5,2013-02-11 through 2013-02-17
6149,18,8,2013,71,8,0,8,0,1,5,2013-02-18 through 2013-02-24
6228,18,9,2013,78,12,0,13,0,2,5,2013-02-25 through 2013-03-03
6373,18,1,2014,36,5,0,5,0,0,3,2013-12-30 through 2014-01-05
6374,18,1,2014,33,1,0,1,0,0,1,2014-12-29 through 2015-01-04
6455,18,10,2014,79,5,0,5,0,0,4,2014-03-03 through 2014-03-09
6532,18,11,2014,76,3,0,4,0,1,2,2014-03-10 through 2014-03-16
6607,18,12,2014,91,7,0,10,0,1,6,2014-03-17 through 2014-03-23
6689,18,13,2014,84,9,0,9,0,1,5,2014-03-24 through 2014-03-30
6765,18,14,2014,77,11,0,15,0,2,5,2014-03-31 through 2014-04-06
6841,18,15,2014,96,11,0,14,0,3,4,2014-04-07 through 2014-04-13
6920,18,16,2014,72,6,0,6,0,2,3,2014-04-14 through 2014-04-20
6992,18,17,2014,90,12,0,16,0,2,4,2014-04-21 through 2014-04-27
7071,18,18,2014,90,8,0,8,0,2,5,2014-04-28 through 2014-05-04
7146,18,19,2014,100,9,0,9,0,2,3,2014-05-05 through 2014-05-11
7225,18,2,2014,66,11,0,11,0,3,5,2014-01-06 through 2014-01-12
7302,18,20,2014,101,11,0,16,0,2,4,2014-05-12 through 2014-05-18
7378,18,21,2014,89,7,0,7,0,1,4,2014-05-19 through 2014-05-25
7454,18,22,2014,67,5,0,6,0,2,3,2014-05-26 through 2014-06-01
7530,18,23,2014,97,8,1,10,1,4,1,2014-06-02 through 2014-06-08
7607,18,24,2014,90,8,0,9,0,4,2,2014-06-09 through 2014-06-15
7685,18,25,2014,83,7,0,8,0,3,5,2014-06-16 through 2014-06-22
7763,18,26,2014,98,12,0,14,0,2,2,2014-06-23 through 2014-06-29
7839,18,27,2014,70,10,0,11,0,2,4,2014-06-30 through 2014-07-06
7918,18,28,2014,74,10,0,10,0,3,4,2014-07-07 through 2014-07-13
7992,18,29,2014,80,14,0,17,0,3,7,2014-07-14 through 2014-07-20
8071,18,3,2014,74,9,0,12,0,0,6,2014-01-13 through 2014-01-19
8151,18,30,2014,74,8,0,10,0,0,3,2014-07-21 through 2014-07-27
8224,18,31,2014,85,10,0,10,0,3,2,2014-07-28 through 2014-08-03
8305,18,32,2014,99,15,0,29,0,0,22,2014-08-04 through 2014-08-10
8381,18,33,2014,77,13,0,14,0,4,4,2014-08-11 through 2014-08-17
8460,18,34,2014,92,6,0,6,0,0,2,2014-08-18 through 2014-08-24
8536,18,35,2014,70,9,0,12,0,1,4,2014-08-25 through 2014-08-31
8612,18,36,2014,83,9,0,12,0,0,3,2014-09-01 through 2014-09-07
8687,18,37,2014,84,8,0,9,0,0,6,2014-09-08 through 2014-09-14
8763,18,38,2014,92,9,0,9,0,4,4,2014-09-15 through 2014-09-21
8836,18,39,2014,104,5,0,5,0,1,3,2014-09-22 through 2014-09-28
8915,18,4,2014,80,10,0,11,0,0,5,2014-01-20 through 2014-01-26
8994,18,40,2014,103,11,0,12,0,2,1,2014-09-29 through 2014-10-05
9074,18,41,2014,86,16,0,20,0,3,6,2014-10-06 through 2014-10-12
9148,18,42,2014,91,10,0,10,0,3,2,2014-10-13 through 2014-10-19
9227,18,43,2014,89,7,0,8,0,0,4,2014-10-20 through 2014-10-26
9304,18,44,2014,84,9,0,12,0,1,4,2014-10-27 through 2014-11-02
9382,18,45,2014,105,12,0,12,0,4,6,2014-11-03 through 2014-11-09
9458,18,46,2014,108,7,0,12,0,1,3,2014-11-10 through 2014-11-16
9538,18,47,2014,105,5,0,6,0,0,4,2014-11-17 through 2014-11-23
9613,18,48,2014,74,8,0,8,0,1,4,2014-11-24 through 2014-11-30
9690,18,49,2014,111,10,0,12,0,1,6,2014-12-01 through 2014-12-07
9764,18,5,2014,82,10,0,10,0,0,8,2014-01-27 through 2014-02-02
9846,18,50,2014,106,10,0,12,0,1,5,2014-12-08 through 2014-12-14
9923,18,51,2014,93,6,0,6,0,0,4,2014-12-15 through 2014-12-21
10001,18,52,2014,68,7,0,7,0,1,5,2014-12-22 through 2014-12-28
10076,18,6,2014,73,8,0,9,0,1,3,2014-02-03 through 2014-02-09
10153,18,7,2014,68,8,0,9,0,1,6,2014-02-10 through 2014-02-16
10230,18,8,2014,69,13,0,13,0,2,6,2014-02-17 through 2014-02-23
10308,18,9,2014,77,6,0,10,0,2,1,2014-02-24 through 2014-03-02
10383,18,1,2015,32,3,0,3,0,0,1,2014-12-29 through 2015-01-04
10460,18,10,2015,76,11,0,11,0,1,5,2015-03-02 through 2015-03-08
10535,18,11,2015,81,9,0,11,0,3,2,2015-03-09 through 2015-03-15
10609,18,12,2015,74,5,0,6,0,0,2,2015-03-16 through 2015-03-22
10688,18,13,2015,82,8,0,8,0,0,5,2015-03-23 through 2015-03-29
10760,18,14,2015,86,9,0,11,0,3,5,2015-03-30 through 2015-04-05
10842,18,15,2015,84,9,0,10,0,0,7,2015-04-06 through 2015-04-12
10917,18,16,2015,13,2,0,2,0,0,1,2015-04-13 through 2015-04-19
10993,18,2,2015,53,8,0,8,0,1,7,2015-01-05 through 2015-01-11
11074,18,3,2015,67,10,0,12,0,0,5,2015-01-12 through 2015-01-18
11144,18,4,2015,59,7,0,7,0,2,3,2015-01-19 through 2015-01-25
11227,18,5,2015,50,5,0,12,0,0,2,2015-01-26 through 2015-02-01
11309,18,6,2015,53,4,0,4,0,1,3,2015-02-02 through 2015-02-08
11382,18,7,2015,67,8,0,8,0,0,5,2015-02-09 through 2015-02-15
11460,18,8,2015,88,8,0,9,0,0,7,2015-02-16 through 2015-02-22
11539,18,9,2015,49,6,0,7,0,0,5,2015-02-23 through 2015-03-01
