row_number,precinct,week,year,all_collisions,injury_collisions,fatal_collisions,injures,fatalities,cyclists_involved,pedestrians_involved,label
72,111,1,2012,3,0,0,0,0,0,0,2012-12-31 through 2013-01-06
148,111,26,2012,10,0,0,0,0,0,0,2012-06-25 through 2012-07-01
225,111,27,2012,56,11,0,15,0,1,1,2012-07-02 through 2012-07-08
302,111,28,2012,65,9,0,16,0,0,0,2012-07-09 through 2012-07-15
377,111,29,2012,71,9,0,16,0,1,1,2012-07-16 through 2012-07-22
456,111,30,2012,76,11,0,16,0,2,2,2012-07-23 through 2012-07-29
533,111,31,2012,52,7,0,10,0,0,0,2012-07-30 through 2012-08-05
610,111,32,2012,49,6,0,8,0,0,0,2012-08-06 through 2012-08-12
687,111,33,2012,51,7,0,7,0,0,1,2012-08-13 through 2012-08-19
764,111,34,2012,55,11,0,22,0,0,1,2012-08-20 through 2012-08-26
841,111,35,2012,50,7,0,9,0,2,1,2012-08-27 through 2012-09-02
918,111,36,2012,65,15,0,32,0,0,0,2012-09-03 through 2012-09-09
995,111,37,2012,85,15,1,20,1,0,1,2012-09-10 through 2012-09-16
1072,111,38,2012,71,8,0,13,0,0,1,2012-09-17 through 2012-09-23
1149,111,39,2012,65,6,0,6,0,1,1,2012-09-24 through 2012-09-30
1226,111,40,2012,56,11,0,19,0,0,3,2012-10-01 through 2012-10-07
1228,111,41,2012,67,14,0,14,0,1,5,2012-10-08 through 2012-10-14
1305,111,42,2012,88,15,0,18,0,0,0,2012-10-15 through 2012-10-21
1382,111,43,2012,51,18,0,21,0,1,5,2012-10-22 through 2012-10-28
1459,111,44,2012,37,7,0,11,0,0,1,2012-10-29 through 2012-11-04
1536,111,45,2012,43,11,0,15,0,1,3,2012-11-05 through 2012-11-11
1613,111,46,2012,63,12,0,15,0,0,2,2012-11-12 through 2012-11-18
1690,111,47,2012,65,8,0,12,0,0,2,2012-11-19 through 2012-11-25
1767,111,48,2012,48,9,0,14,0,0,1,2012-11-26 through 2012-12-02
1844,111,49,2012,56,18,0,26,0,0,10,2012-12-03 through 2012-12-09
1925,111,50,2012,65,10,1,16,1,0,2,2012-12-10 through 2012-12-16
2000,111,51,2012,67,6,0,6,0,0,1,2012-12-17 through 2012-12-23
2077,111,52,2012,51,10,1,12,1,0,2,2012-12-24 through 2012-12-30
2300,111,1,2013,35,7,0,9,0,0,2,2012-12-31 through 2013-01-06
2302,111,1,2013,8,3,0,6,0,0,1,2013-12-30 through 2014-01-05
2380,111,10,2013,78,4,1,4,1,0,1,2013-03-04 through 2013-03-10
2457,111,11,2013,54,7,0,8,0,0,2,2013-03-11 through 2013-03-17
2534,111,12,2013,76,10,0,13,0,0,1,2013-03-18 through 2013-03-24
2611,111,13,2013,44,9,0,9,0,1,2,2013-03-25 through 2013-03-31
2688,111,14,2013,55,11,0,14,0,2,1,2013-04-01 through 2013-04-07
2765,111,15,2013,66,15,0,18,0,0,4,2013-04-08 through 2013-04-14
2842,111,16,2013,71,14,0,21,0,1,1,2013-04-15 through 2013-04-21
2919,111,17,2013,64,14,0,23,0,0,2,2013-04-22 through 2013-04-28
2996,111,18,2013,69,14,0,15,0,1,1,2013-04-29 through 2013-05-05
3072,111,19,2013,69,9,0,13,0,0,2,2013-05-06 through 2013-05-12
3150,111,2,2013,60,7,0,7,0,0,2,2013-01-07 through 2013-01-13
3227,111,20,2013,59,5,0,7,0,1,0,2013-05-13 through 2013-05-19
3304,111,21,2013,74,11,0,13,0,0,2,2013-05-20 through 2013-05-26
3381,111,22,2013,62,6,0,8,0,1,0,2013-05-27 through 2013-06-02
3458,111,23,2013,63,15,0,21,0,0,3,2013-06-03 through 2013-06-09
3535,111,24,2013,60,7,0,9,0,1,1,2013-06-10 through 2013-06-16
3613,111,25,2013,83,13,0,28,0,0,2,2013-06-17 through 2013-06-23
3690,111,26,2013,72,12,0,15,0,2,0,2013-06-24 through 2013-06-30
3766,111,27,2013,52,12,1,15,1,0,1,2013-07-01 through 2013-07-07
3843,111,28,2013,69,9,0,11,0,0,1,2013-07-08 through 2013-07-14
3919,111,29,2013,75,11,1,11,1,1,2,2013-07-15 through 2013-07-21
3997,111,3,2013,70,15,0,20,0,0,2,2013-01-14 through 2013-01-20
4075,111,30,2013,61,6,0,10,0,0,0,2013-07-22 through 2013-07-28
4152,111,31,2013,55,8,1,10,1,0,0,2013-07-29 through 2013-08-04
4229,111,32,2013,50,4,0,5,0,0,0,2013-08-05 through 2013-08-11
4306,111,33,2013,74,11,0,19,0,0,1,2013-08-12 through 2013-08-18
4383,111,34,2013,51,9,0,16,0,1,1,2013-08-19 through 2013-08-25
4460,111,35,2013,43,11,0,12,0,1,3,2013-08-26 through 2013-09-01
4537,111,36,2013,42,7,0,14,0,0,1,2013-09-02 through 2013-09-08
4614,111,37,2013,72,14,0,20,0,0,1,2013-09-09 through 2013-09-15
4691,111,38,2013,66,11,0,20,0,0,0,2013-09-16 through 2013-09-22
4768,111,39,2013,59,12,0,16,0,0,3,2013-09-23 through 2013-09-29
4845,111,4,2013,61,8,0,8,0,0,3,2013-01-21 through 2013-01-27
4922,111,40,2013,67,11,1,12,1,1,2,2013-09-30 through 2013-10-06
4924,111,41,2013,58,8,0,10,0,1,0,2013-10-07 through 2013-10-13
5001,111,42,2013,64,8,0,8,0,0,1,2013-10-14 through 2013-10-20
5080,111,43,2013,76,10,0,12,0,0,1,2013-10-21 through 2013-10-27
5155,111,44,2013,68,9,0,15,0,0,0,2013-10-28 through 2013-11-03
5234,111,45,2013,58,7,0,10,0,0,1,2013-11-04 through 2013-11-10
5309,111,46,2013,70,12,0,15,0,0,1,2013-11-11 through 2013-11-17
5388,111,47,2013,62,9,0,12,0,0,0,2013-11-18 through 2013-11-24
5463,111,48,2013,73,12,0,26,0,0,4,2013-11-25 through 2013-12-01
5542,111,49,2013,61,12,0,13,0,1,3,2013-12-02 through 2013-12-08
5617,111,5,2013,53,7,0,9,0,1,3,2013-01-28 through 2013-02-03
5700,111,50,2013,70,12,0,19,0,0,2,2013-12-09 through 2013-12-15
5773,111,51,2013,65,8,0,12,0,0,1,2013-12-16 through 2013-12-22
5850,111,52,2013,47,7,0,8,0,0,2,2013-12-23 through 2013-12-29
5927,111,6,2013,48,13,0,18,0,0,2,2013-02-04 through 2013-02-10
6004,111,7,2013,43,1,0,1,0,0,0,2013-02-11 through 2013-02-17
6083,111,8,2013,49,7,0,10,0,0,1,2013-02-18 through 2013-02-24
6160,111,9,2013,49,6,0,8,0,0,1,2013-02-25 through 2013-03-03
6378,111,1,2014,30,7,1,7,1,0,1,2013-12-30 through 2014-01-05
6379,111,1,2014,20,2,0,2,0,0,1,2014-12-29 through 2015-01-04
6459,111,10,2014,46,6,0,6,0,0,3,2014-03-03 through 2014-03-09
6535,111,11,2014,53,4,0,4,0,0,0,2014-03-10 through 2014-03-16
6611,111,12,2014,52,12,0,16,0,0,1,2014-03-17 through 2014-03-23
6691,111,13,2014,51,10,0,16,0,0,2,2014-03-24 through 2014-03-30
6767,111,14,2014,67,11,0,20,0,0,2,2014-03-31 through 2014-04-06
6845,111,15,2014,67,10,0,13,0,0,2,2014-04-07 through 2014-04-13
6923,111,16,2014,28,5,0,6,0,0,0,2014-04-14 through 2014-04-20
6999,111,17,2014,50,7,0,13,0,0,0,2014-04-21 through 2014-04-27
7076,111,18,2014,65,9,0,12,0,0,2,2014-04-28 through 2014-05-04
7152,111,19,2014,77,9,0,12,0,0,2,2014-05-05 through 2014-05-11
7230,111,2,2014,53,10,0,14,0,0,5,2014-01-06 through 2014-01-12
7307,111,20,2014,70,10,1,11,1,0,1,2014-05-12 through 2014-05-18
7385,111,21,2014,56,8,1,11,1,0,2,2014-05-19 through 2014-05-25
7460,111,22,2014,63,7,0,9,0,0,0,2014-05-26 through 2014-06-01
7536,111,23,2014,83,15,0,20,0,0,1,2014-06-02 through 2014-06-08
7613,111,24,2014,74,5,2,7,2,0,2,2014-06-09 through 2014-06-15
7693,111,25,2014,67,7,0,11,0,0,0,2014-06-16 through 2014-06-22
7767,111,26,2014,70,13,0,16,0,0,4,2014-06-23 through 2014-06-29
7847,111,27,2014,80,12,0,17,0,0,0,2014-06-30 through 2014-07-06
7924,111,28,2014,64,11,0,21,0,0,0,2014-07-07 through 2014-07-13
8000,111,29,2014,47,10,0,15,0,0,0,2014-07-14 through 2014-07-20
8077,111,3,2014,54,4,0,7,0,0,1,2014-01-13 through 2014-01-19
8156,111,30,2014,56,6,0,16,0,0,0,2014-07-21 through 2014-07-27
8231,111,31,2014,61,7,0,10,0,1,1,2014-07-28 through 2014-08-03
8310,111,32,2014,51,7,0,11,0,0,0,2014-08-04 through 2014-08-10
8386,111,33,2014,50,5,0,5,0,0,0,2014-08-11 through 2014-08-17
8464,111,34,2014,64,5,0,5,0,0,1,2014-08-18 through 2014-08-24
8541,111,35,2014,68,8,0,10,0,0,2,2014-08-25 through 2014-08-31
8616,111,36,2014,58,7,0,11,0,0,0,2014-09-01 through 2014-09-07
8695,111,37,2014,70,12,0,19,0,3,1,2014-09-08 through 2014-09-14
8771,111,38,2014,75,9,0,16,0,1,1,2014-09-15 through 2014-09-21
8849,111,39,2014,62,6,0,10,0,0,1,2014-09-22 through 2014-09-28
8926,111,4,2014,53,4,0,5,0,0,0,2014-01-20 through 2014-01-26
8928,111,40,2014,58,6,1,8,1,0,2,2014-09-29 through 2014-10-05
9005,111,41,2014,78,8,0,11,0,1,1,2014-10-06 through 2014-10-12
9100,111,42,2014,69,14,0,19,0,1,2,2014-10-13 through 2014-10-19
9159,111,43,2014,71,11,0,13,0,0,4,2014-10-20 through 2014-10-26
9236,111,44,2014,73,8,0,9,0,0,1,2014-10-27 through 2014-11-02
9313,111,45,2014,68,9,0,10,0,0,3,2014-11-03 through 2014-11-09
9390,111,46,2014,72,12,0,13,0,1,1,2014-11-10 through 2014-11-16
9466,111,47,2014,82,12,0,15,0,0,5,2014-11-17 through 2014-11-23
9543,111,48,2014,78,16,0,22,0,0,2,2014-11-24 through 2014-11-30
9621,111,49,2014,64,9,0,12,0,0,4,2014-12-01 through 2014-12-07
9701,111,5,2014,51,5,0,8,0,0,1,2014-01-27 through 2014-02-02
9775,111,50,2014,84,10,0,16,0,0,3,2014-12-08 through 2014-12-14
9852,111,51,2014,72,10,0,13,0,1,3,2014-12-15 through 2014-12-21
9929,111,52,2014,42,8,0,10,0,0,1,2014-12-22 through 2014-12-28
10009,111,6,2014,52,7,0,9,0,0,2,2014-02-03 through 2014-02-09
10086,111,7,2014,70,4,0,5,0,0,0,2014-02-10 through 2014-02-16
10160,111,8,2014,55,6,0,6,0,0,0,2014-02-17 through 2014-02-23
10238,111,9,2014,53,6,0,6,0,0,0,2014-02-24 through 2014-03-02
10387,111,1,2015,22,4,0,6,0,0,2,2014-12-29 through 2015-01-04
10462,111,10,2015,72,6,0,8,0,0,1,2015-03-02 through 2015-03-08
10540,111,11,2015,54,12,0,16,0,0,3,2015-03-09 through 2015-03-15
10616,111,12,2015,72,13,0,19,0,0,1,2015-03-16 through 2015-03-22
10693,111,13,2015,55,7,0,8,0,0,3,2015-03-23 through 2015-03-29
10765,111,14,2015,71,9,0,11,0,0,2,2015-03-30 through 2015-04-05
10847,111,15,2015,47,12,1,26,1,0,1,2015-04-06 through 2015-04-12
10927,111,16,2015,14,3,0,3,0,0,0,2015-04-13 through 2015-04-19
11000,111,2,2015,60,6,0,8,0,0,1,2015-01-05 through 2015-01-11
11081,111,3,2015,67,9,0,11,0,0,4,2015-01-12 through 2015-01-18
11159,111,4,2015,47,6,0,8,0,0,1,2015-01-19 through 2015-01-25
11162,111,5,2015,49,8,0,8,0,0,2,2015-01-26 through 2015-02-01
11240,111,6,2015,63,6,0,7,0,0,1,2015-02-02 through 2015-02-08
11316,111,7,2015,45,5,0,6,0,0,1,2015-02-09 through 2015-02-15
11392,111,8,2015,45,3,0,4,0,0,1,2015-02-16 through 2015-02-22
11472,111,9,2015,28,4,0,4,0,0,2,2015-02-23 through 2015-03-01
