row_number,precinct,week,year,all_collisions,injury_collisions,fatal_collisions,injures,fatalities,cyclists_involved,pedestrians_involved,label
33,103,1,2012,3,0,0,0,0,0,0,2012-12-31 through 2013-01-06
136,103,26,2012,5,3,0,3,0,0,1,2012-06-25 through 2012-07-01
208,103,27,2012,35,8,0,11,0,0,0,2012-07-02 through 2012-07-08
283,103,28,2012,41,10,0,12,0,2,3,2012-07-09 through 2012-07-15
362,103,29,2012,46,15,1,25,5,1,4,2012-07-16 through 2012-07-22
443,103,30,2012,44,11,0,22,0,1,4,2012-07-23 through 2012-07-29
520,103,31,2012,53,11,0,14,0,0,4,2012-07-30 through 2012-08-05
597,103,32,2012,51,12,0,15,0,1,5,2012-08-06 through 2012-08-12
674,103,33,2012,28,7,0,14,0,0,0,2012-08-13 through 2012-08-19
751,103,34,2012,31,11,0,15,0,2,2,2012-08-20 through 2012-08-26
828,103,35,2012,37,11,0,13,0,1,3,2012-08-27 through 2012-09-02
905,103,36,2012,34,7,0,12,0,1,2,2012-09-03 through 2012-09-09
982,103,37,2012,53,11,0,21,0,0,3,2012-09-10 through 2012-09-16
1059,103,38,2012,33,8,0,13,0,0,3,2012-09-17 through 2012-09-23
1136,103,39,2012,52,12,1,22,1,0,4,2012-09-24 through 2012-09-30
1211,103,40,2012,49,11,0,11,0,0,6,2012-10-01 through 2012-10-07
1292,103,41,2012,41,11,0,18,0,0,4,2012-10-08 through 2012-10-14
1369,103,42,2012,43,10,0,13,0,0,3,2012-10-15 through 2012-10-21
1448,103,43,2012,41,13,0,20,0,2,2,2012-10-22 through 2012-10-28
1523,103,44,2012,18,5,0,9,0,0,2,2012-10-29 through 2012-11-04
1600,103,45,2012,39,7,0,7,0,0,5,2012-11-05 through 2012-11-11
1677,103,46,2012,35,8,0,10,0,0,4,2012-11-12 through 2012-11-18
1754,103,47,2012,38,5,0,7,0,0,2,2012-11-19 through 2012-11-25
1831,103,48,2012,41,13,0,15,0,0,8,2012-11-26 through 2012-12-02
1908,103,49,2012,53,17,0,27,0,2,4,2012-12-03 through 2012-12-09
1989,103,50,2012,51,17,0,22,0,2,5,2012-12-10 through 2012-12-16
2066,103,51,2012,51,14,0,15,0,0,8,2012-12-17 through 2012-12-23
2143,103,52,2012,48,15,0,22,0,0,7,2012-12-24 through 2012-12-30
2250,103,1,2013,25,7,0,7,0,0,3,2012-12-31 through 2013-01-06
2264,103,1,2013,17,3,0,5,0,0,1,2013-12-30 through 2014-01-05
2362,103,10,2013,42,15,0,24,0,0,6,2013-03-04 through 2013-03-10
2441,103,11,2013,34,7,0,8,0,0,3,2013-03-11 through 2013-03-17
2516,103,12,2013,41,11,0,12,0,0,7,2013-03-18 through 2013-03-24
2595,103,13,2013,42,10,0,14,0,1,4,2013-03-25 through 2013-03-31
2676,103,14,2013,39,5,0,8,0,0,2,2013-04-01 through 2013-04-07
2749,103,15,2013,39,9,0,13,0,1,3,2013-04-08 through 2013-04-14
2830,103,16,2013,39,13,0,19,0,0,4,2013-04-15 through 2013-04-21
2903,103,17,2013,31,5,0,7,0,0,1,2013-04-22 through 2013-04-28
2982,103,18,2013,53,8,1,9,1,0,3,2013-04-29 through 2013-05-05
3061,103,19,2013,45,13,0,16,0,0,5,2013-05-06 through 2013-05-12
3138,103,2,2013,35,12,0,14,0,1,8,2013-01-07 through 2013-01-13
3215,103,20,2013,51,11,0,25,0,0,2,2013-05-13 through 2013-05-19
3292,103,21,2013,48,14,0,15,0,1,6,2013-05-20 through 2013-05-26
3370,103,22,2013,49,10,0,19,0,0,2,2013-05-27 through 2013-06-02
3447,103,23,2013,55,10,0,18,0,0,3,2013-06-03 through 2013-06-09
3523,103,24,2013,50,14,0,19,0,0,5,2013-06-10 through 2013-06-16
3601,103,25,2013,40,13,0,16,0,2,2,2013-06-17 through 2013-06-23
3675,103,26,2013,46,7,0,8,0,0,3,2013-06-24 through 2013-06-30
3753,103,27,2013,33,9,0,14,0,0,2,2013-07-01 through 2013-07-07
3830,103,28,2013,35,10,0,11,0,2,2,2013-07-08 through 2013-07-14
3908,103,29,2013,53,12,0,20,0,1,4,2013-07-15 through 2013-07-21
3984,103,3,2013,43,8,0,9,0,0,5,2013-01-14 through 2013-01-20
4064,103,30,2013,58,15,0,23,0,1,7,2013-07-22 through 2013-07-28
4138,103,31,2013,40,10,0,13,0,0,6,2013-07-29 through 2013-08-04
4217,103,32,2013,48,9,0,21,0,1,1,2013-08-05 through 2013-08-11
4294,103,33,2013,39,12,0,16,0,0,3,2013-08-12 through 2013-08-18
4370,103,34,2013,42,7,0,8,0,2,1,2013-08-19 through 2013-08-25
4449,103,35,2013,40,10,0,10,0,0,6,2013-08-26 through 2013-09-01
4525,103,36,2013,42,16,0,29,0,0,5,2013-09-02 through 2013-09-08
4600,103,37,2013,43,10,0,11,0,0,6,2013-09-09 through 2013-09-15
4676,103,38,2013,52,13,0,16,0,1,4,2013-09-16 through 2013-09-22
4752,103,39,2013,51,11,1,16,1,0,3,2013-09-23 through 2013-09-29
4831,103,4,2013,48,13,0,14,0,1,3,2013-01-21 through 2013-01-27
4907,103,40,2013,44,6,0,6,0,1,2,2013-09-30 through 2013-10-06
4989,103,41,2013,51,11,0,13,0,2,3,2013-10-07 through 2013-10-13
5066,103,42,2013,29,3,0,3,0,0,0,2013-10-14 through 2013-10-20
5140,103,43,2013,57,13,0,17,0,1,5,2013-10-21 through 2013-10-27
5217,103,44,2013,59,19,1,28,1,3,8,2013-10-28 through 2013-11-03
5294,103,45,2013,58,13,0,15,0,0,8,2013-11-04 through 2013-11-10
5372,103,46,2013,61,13,0,18,0,1,6,2013-11-11 through 2013-11-17
5450,103,47,2013,69,15,0,21,0,2,5,2013-11-18 through 2013-11-24
5528,103,48,2013,51,6,0,7,0,0,3,2013-11-25 through 2013-12-01
5605,103,49,2013,56,13,0,19,0,1,9,2013-12-02 through 2013-12-08
5681,103,5,2013,39,11,0,13,0,0,4,2013-01-28 through 2013-02-03
5757,103,50,2013,45,5,0,5,0,0,3,2013-12-09 through 2013-12-15
5839,103,51,2013,66,16,0,26,0,1,5,2013-12-16 through 2013-12-22
5915,103,52,2013,45,5,0,8,0,0,1,2013-12-23 through 2013-12-29
5991,103,6,2013,50,8,0,10,0,0,3,2013-02-04 through 2013-02-10
6064,103,7,2013,61,14,0,17,0,0,5,2013-02-11 through 2013-02-17
6141,103,8,2013,30,4,0,5,0,0,1,2013-02-18 through 2013-02-24
6221,103,9,2013,32,5,0,8,0,0,1,2013-02-25 through 2013-03-03
6340,103,1,2014,43,10,0,16,0,0,2,2013-12-30 through 2014-01-05
6381,103,1,2014,27,8,0,9,0,0,3,2014-12-29 through 2015-01-04
6436,103,10,2014,46,9,0,16,0,2,1,2014-03-03 through 2014-03-09
6536,103,11,2014,45,7,0,7,0,0,5,2014-03-10 through 2014-03-16
6551,103,12,2014,39,8,0,8,0,0,6,2014-03-17 through 2014-03-23
6678,103,13,2014,49,14,0,18,0,0,5,2014-03-24 through 2014-03-30
6728,103,14,2014,51,8,0,8,0,1,3,2014-03-31 through 2014-04-06
6825,103,15,2014,59,11,0,19,0,0,5,2014-04-07 through 2014-04-13
6916,103,16,2014,58,9,0,12,0,0,3,2014-04-14 through 2014-04-20
6934,103,17,2014,49,5,0,6,0,1,4,2014-04-21 through 2014-04-27
7054,103,18,2014,56,12,0,18,0,2,4,2014-04-28 through 2014-05-04
7127,103,19,2014,48,6,0,7,0,1,2,2014-05-05 through 2014-05-11
7204,103,2,2014,36,5,0,6,0,0,2,2014-01-06 through 2014-01-12
7286,103,20,2014,54,9,0,14,0,0,2,2014-05-12 through 2014-05-18
7360,103,21,2014,56,13,0,23,0,2,1,2014-05-19 through 2014-05-25
7435,103,22,2014,61,9,0,17,0,0,5,2014-05-26 through 2014-06-01
7514,103,23,2014,47,9,0,11,0,1,1,2014-06-02 through 2014-06-08
7590,103,24,2014,53,10,0,10,0,0,2,2014-06-09 through 2014-06-15
7673,103,25,2014,57,7,0,8,0,0,4,2014-06-16 through 2014-06-22
7749,103,26,2014,49,7,0,8,0,0,2,2014-06-23 through 2014-06-29
7823,103,27,2014,41,11,0,14,0,1,5,2014-06-30 through 2014-07-06
7903,103,28,2014,56,14,0,24,0,0,3,2014-07-07 through 2014-07-13
7979,103,29,2014,45,9,0,16,0,0,4,2014-07-14 through 2014-07-20
8055,103,3,2014,49,11,0,14,0,1,5,2014-01-13 through 2014-01-19
8136,103,30,2014,49,10,0,11,0,3,2,2014-07-21 through 2014-07-27
8213,103,31,2014,59,11,0,14,0,3,0,2014-07-28 through 2014-08-03
8291,103,32,2014,46,9,0,15,0,0,1,2014-08-04 through 2014-08-10
8370,103,33,2014,54,9,0,12,0,1,2,2014-08-11 through 2014-08-17
8445,103,34,2014,54,6,0,13,0,0,3,2014-08-18 through 2014-08-24
8522,103,35,2014,43,7,1,12,1,0,2,2014-08-25 through 2014-08-31
8596,103,36,2014,54,11,0,12,0,1,2,2014-09-01 through 2014-09-07
8672,103,37,2014,74,16,0,19,0,1,4,2014-09-08 through 2014-09-14
8746,103,38,2014,45,12,0,17,0,2,2,2014-09-15 through 2014-09-21
8821,103,39,2014,64,14,0,14,0,2,5,2014-09-22 through 2014-09-28
8895,103,4,2014,64,6,0,10,0,0,2,2014-01-20 through 2014-01-26
8979,103,40,2014,59,10,0,17,0,0,4,2014-09-29 through 2014-10-05
9058,103,41,2014,59,11,0,13,0,0,5,2014-10-06 through 2014-10-12
9137,103,42,2014,49,9,0,14,0,1,2,2014-10-13 through 2014-10-19
9212,103,43,2014,47,7,0,10,0,0,1,2014-10-20 through 2014-10-26
9293,103,44,2014,46,15,0,20,0,2,3,2014-10-27 through 2014-11-02
9369,103,45,2014,63,13,0,18,0,0,6,2014-11-03 through 2014-11-09
9447,103,46,2014,50,8,0,18,0,0,3,2014-11-10 through 2014-11-16
9526,103,47,2014,50,12,0,15,0,0,6,2014-11-17 through 2014-11-23
9600,103,48,2014,45,9,0,10,0,2,4,2014-11-24 through 2014-11-30
9678,103,49,2014,47,6,0,6,0,0,6,2014-12-01 through 2014-12-07
9756,103,5,2014,49,10,0,12,0,0,2,2014-01-27 through 2014-02-02
9837,103,50,2014,47,6,0,10,0,0,3,2014-12-08 through 2014-12-14
9911,103,51,2014,52,15,0,16,0,1,8,2014-12-15 through 2014-12-21
9989,103,52,2014,48,9,0,9,0,1,3,2014-12-22 through 2014-12-28
10066,103,6,2014,52,8,0,9,0,0,4,2014-02-03 through 2014-02-09
10142,103,7,2014,51,9,0,10,0,0,3,2014-02-10 through 2014-02-16
10219,103,8,2014,50,13,1,15,1,1,4,2014-02-17 through 2014-02-23
10297,103,9,2014,43,8,0,14,0,0,2,2014-02-24 through 2014-03-02
10382,103,1,2015,19,8,0,13,0,0,3,2014-12-29 through 2015-01-04
10402,103,10,2015,71,10,0,11,0,0,3,2015-03-02 through 2015-03-08
10522,103,11,2015,64,14,0,21,0,0,6,2015-03-09 through 2015-03-15
10569,103,12,2015,47,6,0,6,0,0,2,2015-03-16 through 2015-03-22
10640,103,13,2015,64,13,0,16,0,0,7,2015-03-23 through 2015-03-29
10706,103,14,2015,50,9,0,11,0,0,6,2015-03-30 through 2015-04-05
10828,103,15,2015,44,5,0,5,0,0,1,2015-04-06 through 2015-04-12
10907,103,16,2015,16,2,0,2,0,0,1,2015-04-13 through 2015-04-19
10972,103,2,2015,54,7,0,9,0,0,2,2015-01-05 through 2015-01-11
11056,103,3,2015,60,15,0,23,0,0,6,2015-01-12 through 2015-01-18
11123,103,4,2015,38,4,0,4,0,0,2,2015-01-19 through 2015-01-25
11217,103,5,2015,50,7,0,13,0,0,1,2015-01-26 through 2015-02-01
11294,103,6,2015,52,7,0,9,0,0,5,2015-02-02 through 2015-02-08
11370,103,7,2015,44,9,0,13,0,0,5,2015-02-09 through 2015-02-15
11447,103,8,2015,42,4,0,4,0,0,1,2015-02-16 through 2015-02-22
11525,103,9,2015,41,4,0,5,0,0,0,2015-02-23 through 2015-03-01
