row_number,precinct,week,year,all_collisions,injury_collisions,fatal_collisions,injures,fatalities,cyclists_involved,pedestrians_involved,label
5,100,1,2012,3,0,0,0,0,0,0,2012-12-31 through 2013-01-06
122,100,26,2012,2,0,0,0,0,0,0,2012-06-25 through 2012-07-01
196,100,27,2012,11,4,0,4,0,1,3,2012-07-02 through 2012-07-08
267,100,28,2012,6,0,0,0,0,0,0,2012-07-09 through 2012-07-15
344,100,29,2012,14,5,0,8,0,2,0,2012-07-16 through 2012-07-22
427,100,30,2012,8,2,0,3,0,1,0,2012-07-23 through 2012-07-29
506,100,31,2012,12,4,0,5,0,1,0,2012-07-30 through 2012-08-05
585,100,32,2012,9,0,0,0,0,0,0,2012-08-06 through 2012-08-12
662,100,33,2012,8,3,0,3,0,0,0,2012-08-13 through 2012-08-19
741,100,34,2012,7,1,0,1,0,0,0,2012-08-20 through 2012-08-26
816,100,35,2012,10,2,0,2,0,1,1,2012-08-27 through 2012-09-02
895,100,36,2012,11,1,0,2,0,0,0,2012-09-03 through 2012-09-09
976,100,37,2012,12,5,0,6,0,1,1,2012-09-10 through 2012-09-16
1051,100,38,2012,10,1,0,4,0,0,4,2012-09-17 through 2012-09-23
1128,100,39,2012,5,2,0,2,0,0,0,2012-09-24 through 2012-09-30
1205,100,40,2012,5,2,0,2,0,1,0,2012-10-01 through 2012-10-07
1284,100,41,2012,7,2,0,2,0,0,1,2012-10-08 through 2012-10-14
1361,100,42,2012,14,2,0,3,0,0,1,2012-10-15 through 2012-10-21
1440,100,43,2012,6,1,0,1,0,0,0,2012-10-22 through 2012-10-28
1519,100,44,2012,5,3,0,4,0,0,1,2012-10-29 through 2012-11-04
1596,100,45,2012,20,3,0,6,0,0,0,2012-11-05 through 2012-11-11
1673,100,46,2012,25,2,0,2,0,0,1,2012-11-12 through 2012-11-18
1750,100,47,2012,20,1,0,3,0,0,0,2012-11-19 through 2012-11-25
1827,100,48,2012,15,3,0,5,0,1,0,2012-11-26 through 2012-12-02
1904,100,49,2012,17,3,0,8,0,0,1,2012-12-03 through 2012-12-09
1985,100,50,2012,8,1,0,1,0,0,0,2012-12-10 through 2012-12-16
2064,100,51,2012,16,1,0,1,0,0,1,2012-12-17 through 2012-12-23
2141,100,52,2012,4,0,0,0,0,0,0,2012-12-24 through 2012-12-30
2182,100,1,2013,9,2,0,2,0,1,0,2012-12-31 through 2013-01-06
2200,100,1,2013,5,1,0,1,0,0,1,2013-12-30 through 2014-01-05
2328,100,10,2013,6,3,0,5,0,0,0,2013-03-04 through 2013-03-10
2403,100,11,2013,10,0,0,0,0,0,0,2013-03-11 through 2013-03-17
2484,100,12,2013,4,0,0,0,0,0,0,2013-03-18 through 2013-03-24
2565,100,13,2013,9,2,0,4,0,0,0,2013-03-25 through 2013-03-31
2644,100,14,2013,15,5,0,6,0,0,0,2013-04-01 through 2013-04-07
2721,100,15,2013,15,2,0,2,0,1,0,2013-04-08 through 2013-04-14
2798,100,16,2013,8,2,0,2,0,0,2,2013-04-15 through 2013-04-21
2875,100,17,2013,16,3,0,4,0,0,0,2013-04-22 through 2013-04-28
2954,100,18,2013,13,2,0,4,0,0,0,2013-04-29 through 2013-05-05
3033,100,19,2013,4,1,0,9,0,0,0,2013-05-06 through 2013-05-12
3112,100,2,2013,15,2,0,4,0,0,0,2013-01-07 through 2013-01-13
3153,100,20,2013,14,2,0,2,0,0,1,2013-05-13 through 2013-05-19
3266,100,21,2013,11,4,0,6,0,0,0,2013-05-20 through 2013-05-26
3345,100,22,2013,11,2,0,4,0,0,1,2013-05-27 through 2013-06-02
3426,100,23,2013,16,4,0,5,0,0,1,2013-06-03 through 2013-06-09
3501,100,24,2013,12,0,0,0,0,0,0,2013-06-10 through 2013-06-16
3582,100,25,2013,14,1,0,3,0,0,0,2013-06-17 through 2013-06-23
3659,100,26,2013,13,3,0,4,0,0,0,2013-06-24 through 2013-06-30
3740,100,27,2013,15,1,0,1,0,0,1,2013-07-01 through 2013-07-07
3819,100,28,2013,13,3,0,3,0,1,0,2013-07-08 through 2013-07-14
3892,100,29,2013,17,5,0,6,0,0,1,2013-07-15 through 2013-07-21
3971,100,3,2013,10,0,0,0,0,0,0,2013-01-14 through 2013-01-20
4057,100,30,2013,11,5,0,8,0,1,0,2013-07-22 through 2013-07-28
4131,100,31,2013,14,4,0,6,0,1,1,2013-07-29 through 2013-08-04
4212,100,32,2013,15,4,0,4,0,1,0,2013-08-05 through 2013-08-11
4288,100,33,2013,14,6,0,8,0,0,0,2013-08-12 through 2013-08-18
4365,100,34,2013,15,2,0,6,0,0,0,2013-08-19 through 2013-08-25
4445,100,35,2013,16,1,0,1,0,0,0,2013-08-26 through 2013-09-01
4520,100,36,2013,10,3,0,6,0,1,1,2013-09-02 through 2013-09-08
4545,100,37,2013,14,4,0,5,0,0,0,2013-09-09 through 2013-09-15
4636,100,38,2013,8,2,0,3,0,0,0,2013-09-16 through 2013-09-22
4748,100,39,2013,6,1,0,1,0,0,0,2013-09-23 through 2013-09-29
4827,100,4,2013,16,4,0,6,0,0,0,2013-01-21 through 2013-01-27
4902,100,40,2013,10,4,0,5,0,2,0,2013-09-30 through 2013-10-06
4985,100,41,2013,7,1,0,1,0,1,0,2013-10-07 through 2013-10-13
5062,100,42,2013,4,1,0,1,0,0,1,2013-10-14 through 2013-10-20
5136,100,43,2013,10,1,0,4,0,0,0,2013-10-21 through 2013-10-27
5215,100,44,2013,7,1,0,1,0,0,1,2013-10-28 through 2013-11-03
5292,100,45,2013,11,1,0,2,0,0,0,2013-11-04 through 2013-11-10
5370,100,46,2013,8,2,0,3,0,0,2,2013-11-11 through 2013-11-17
5447,100,47,2013,7,1,0,1,0,0,0,2013-11-18 through 2013-11-24
5526,100,48,2013,8,0,0,0,0,0,0,2013-11-25 through 2013-12-01
5602,100,49,2013,5,1,0,1,0,0,1,2013-12-02 through 2013-12-08
5679,100,5,2013,11,3,0,4,0,0,0,2013-01-28 through 2013-02-03
5755,100,50,2013,15,5,0,6,0,0,2,2013-12-09 through 2013-12-15
5837,100,51,2013,11,2,0,2,0,0,1,2013-12-16 through 2013-12-22
5912,100,52,2013,11,2,0,4,0,0,0,2013-12-23 through 2013-12-29
5990,100,6,2013,10,1,0,1,0,0,1,2013-02-04 through 2013-02-10
6063,100,7,2013,13,1,0,1,0,0,1,2013-02-11 through 2013-02-17
6140,100,8,2013,8,1,0,2,0,0,1,2013-02-18 through 2013-02-24
6220,100,9,2013,15,1,0,2,0,0,0,2013-02-25 through 2013-03-03
6304,100,1,2014,6,1,0,1,0,0,1,2014-12-29 through 2015-01-04
6310,100,1,2014,6,1,0,1,0,0,1,2013-12-30 through 2014-01-05
6424,100,10,2014,4,1,0,6,0,0,6,2014-03-03 through 2014-03-09
6502,100,11,2014,7,2,0,2,0,1,1,2014-03-10 through 2014-03-16
6590,100,12,2014,6,1,0,2,0,0,0,2014-03-17 through 2014-03-23
6657,100,13,2014,9,2,0,2,0,0,0,2014-03-24 through 2014-03-30
6733,100,14,2014,10,4,0,5,0,0,2,2014-03-31 through 2014-04-06
6836,100,15,2014,8,2,0,2,0,0,1,2014-04-07 through 2014-04-13
6887,100,16,2014,9,1,0,2,0,0,0,2014-04-14 through 2014-04-20
6974,100,17,2014,4,1,0,1,0,1,0,2014-04-21 through 2014-04-27
7047,100,18,2014,7,0,0,0,0,0,0,2014-04-28 through 2014-05-04
7131,100,19,2014,7,2,0,5,0,0,0,2014-05-05 through 2014-05-11
7157,100,2,2014,12,0,0,0,0,0,0,2014-01-06 through 2014-01-12
7236,100,20,2014,5,0,0,0,0,0,0,2014-05-12 through 2014-05-18
7349,100,21,2014,9,2,0,2,0,0,1,2014-05-19 through 2014-05-25
7425,100,22,2014,11,3,0,6,0,0,0,2014-05-26 through 2014-06-01
7502,100,23,2014,11,1,0,1,0,0,1,2014-06-02 through 2014-06-08
7582,100,24,2014,11,1,0,1,0,0,1,2014-06-09 through 2014-06-15
7665,100,25,2014,15,1,0,1,0,0,1,2014-06-16 through 2014-06-22
7762,100,26,2014,16,1,0,1,0,1,0,2014-06-23 through 2014-06-29
7813,100,27,2014,20,3,0,3,0,1,0,2014-06-30 through 2014-07-06
7901,100,28,2014,6,0,0,0,0,0,0,2014-07-07 through 2014-07-13
7993,100,29,2014,8,1,0,2,0,0,0,2014-07-14 through 2014-07-20
8056,100,3,2014,7,1,0,3,0,0,0,2014-01-13 through 2014-01-19
8111,100,30,2014,13,5,0,5,0,2,0,2014-07-21 through 2014-07-27
8160,100,31,2014,4,1,0,1,0,0,0,2014-07-28 through 2014-08-03
8281,100,32,2014,12,4,0,4,0,0,3,2014-08-04 through 2014-08-10
8364,100,33,2014,5,1,0,2,0,0,0,2014-08-11 through 2014-08-17
8449,100,34,2014,9,2,0,3,0,0,0,2014-08-18 through 2014-08-24
8484,100,35,2014,14,1,0,2,0,0,0,2014-08-25 through 2014-08-31
8606,100,36,2014,9,1,0,1,0,0,0,2014-09-01 through 2014-09-07
8624,100,37,2014,7,0,0,0,0,0,0,2014-09-08 through 2014-09-14
8704,100,38,2014,8,0,0,0,0,0,0,2014-09-15 through 2014-09-21
8812,100,39,2014,16,3,0,3,0,0,1,2014-09-22 through 2014-09-28
8890,100,4,2014,9,0,0,0,0,0,0,2014-01-20 through 2014-01-26
8973,100,40,2014,8,6,0,13,0,0,0,2014-09-29 through 2014-10-05
9051,100,41,2014,3,0,0,0,0,0,0,2014-10-06 through 2014-10-12
9131,100,42,2014,7,1,0,3,0,0,0,2014-10-13 through 2014-10-19
9206,100,43,2014,6,1,0,1,0,0,0,2014-10-20 through 2014-10-26
9289,100,44,2014,13,2,0,3,0,1,0,2014-10-27 through 2014-11-02
9366,100,45,2014,5,0,0,0,0,0,0,2014-11-03 through 2014-11-09
9444,100,46,2014,12,0,0,0,0,0,0,2014-11-10 through 2014-11-16
9523,100,47,2014,12,4,0,6,0,0,1,2014-11-17 through 2014-11-23
9597,100,48,2014,9,2,0,6,0,1,0,2014-11-24 through 2014-11-30
9676,100,49,2014,10,3,0,9,0,1,0,2014-12-01 through 2014-12-07
9753,100,5,2014,9,2,0,3,0,0,0,2014-01-27 through 2014-02-02
9836,100,50,2014,19,4,0,8,0,0,1,2014-12-08 through 2014-12-14
9908,100,51,2014,8,1,0,1,0,0,1,2014-12-15 through 2014-12-21
9986,100,52,2014,4,1,0,2,0,0,0,2014-12-22 through 2014-12-28
10065,100,6,2014,17,2,0,2,0,0,0,2014-02-03 through 2014-02-09
10141,100,7,2014,7,1,0,1,0,0,0,2014-02-10 through 2014-02-16
10218,100,8,2014,13,3,0,3,0,0,2,2014-02-17 through 2014-02-23
10296,100,9,2014,13,3,0,3,0,0,1,2014-02-24 through 2014-03-02
10338,100,1,2015,4,1,0,1,0,0,1,2014-12-29 through 2015-01-04
10416,100,10,2015,9,2,0,4,0,0,0,2015-03-02 through 2015-03-08
10496,100,11,2015,12,2,0,6,0,0,0,2015-03-09 through 2015-03-15
10571,100,12,2015,8,2,0,2,0,0,0,2015-03-16 through 2015-03-22
10670,100,13,2015,11,3,0,4,0,1,0,2015-03-23 through 2015-03-29
10726,100,14,2015,6,1,0,1,0,0,1,2015-03-30 through 2015-04-05
10815,100,15,2015,10,4,0,4,0,0,1,2015-04-06 through 2015-04-12
10882,100,16,2015,4,0,0,0,0,0,0,2015-04-13 through 2015-04-19
10977,100,2,2015,8,2,0,3,0,0,2,2015-01-05 through 2015-01-11
11014,100,3,2015,8,2,1,4,1,0,0,2015-01-12 through 2015-01-18
11116,100,4,2015,11,2,0,2,0,0,0,2015-01-19 through 2015-01-25
11216,100,5,2015,15,3,0,3,0,2,0,2015-01-26 through 2015-02-01
11292,100,6,2015,11,1,0,1,0,0,0,2015-02-02 through 2015-02-08
11369,100,7,2015,9,3,0,6,0,0,0,2015-02-09 through 2015-02-15
11446,100,8,2015,13,1,0,1,0,0,1,2015-02-16 through 2015-02-22
11527,100,9,2015,11,0,0,0,0,0,0,2015-02-23 through 2015-03-01
