row_number,precinct,week,year,all_collisions,injury_collisions,fatal_collisions,injures,fatalities,cyclists_involved,pedestrians_involved,label
67,14,1,2012,9,1,0,1,0,0,1,2012-12-31 through 2013-01-06
140,14,26,2012,7,1,0,3,0,0,0,2012-06-25 through 2012-07-01
218,14,27,2012,50,7,0,8,0,1,3,2012-07-02 through 2012-07-08
295,14,28,2012,61,11,0,11,0,2,6,2012-07-09 through 2012-07-15
370,14,29,2012,69,7,0,9,0,0,5,2012-07-16 through 2012-07-22
450,14,30,2012,77,8,0,8,0,1,4,2012-07-23 through 2012-07-29
527,14,31,2012,81,12,0,12,0,3,8,2012-07-30 through 2012-08-05
603,14,32,2012,71,10,0,10,0,2,4,2012-08-06 through 2012-08-12
680,14,33,2012,81,12,0,12,0,0,6,2012-08-13 through 2012-08-19
757,14,34,2012,74,7,0,7,0,3,3,2012-08-20 through 2012-08-26
834,14,35,2012,69,11,0,13,0,2,2,2012-08-27 through 2012-09-02
911,14,36,2012,76,14,0,17,0,2,8,2012-09-03 through 2012-09-09
988,14,37,2012,58,6,0,6,0,4,2,2012-09-10 through 2012-09-16
1065,14,38,2012,79,14,0,14,0,1,10,2012-09-17 through 2012-09-23
1142,14,39,2012,74,12,0,14,0,2,8,2012-09-24 through 2012-09-30
1217,14,40,2012,65,12,0,13,0,4,6,2012-10-01 through 2012-10-07
1296,14,41,2012,75,6,0,6,0,1,5,2012-10-08 through 2012-10-14
1373,14,42,2012,65,8,0,9,0,3,2,2012-10-15 through 2012-10-21
1452,14,43,2012,64,12,0,14,0,2,8,2012-10-22 through 2012-10-28
1529,14,44,2012,35,7,0,8,0,3,1,2012-10-29 through 2012-11-04
1604,14,45,2012,72,13,0,16,0,0,9,2012-11-05 through 2012-11-11
1681,14,46,2012,95,11,0,12,0,0,6,2012-11-12 through 2012-11-18
1758,14,47,2012,68,8,0,8,0,0,6,2012-11-19 through 2012-11-25
1835,14,48,2012,60,7,0,7,0,0,6,2012-11-26 through 2012-12-02
1912,14,49,2012,73,4,0,4,0,0,4,2012-12-03 through 2012-12-09
1992,14,50,2012,75,15,0,21,0,1,11,2012-12-10 through 2012-12-16
2069,14,51,2012,79,12,0,15,0,4,6,2012-12-17 through 2012-12-23
2146,14,52,2012,62,7,0,10,0,0,6,2012-12-24 through 2012-12-30
2282,14,1,2013,35,5,0,5,0,1,3,2012-12-31 through 2013-01-06
2284,14,1,2013,8,0,0,0,0,0,0,2013-12-30 through 2014-01-05
2372,14,10,2013,52,6,0,7,0,3,3,2013-03-04 through 2013-03-10
2450,14,11,2013,71,6,0,7,0,3,1,2013-03-11 through 2013-03-17
2527,14,12,2013,70,4,0,4,0,0,3,2013-03-18 through 2013-03-24
2604,14,13,2013,67,4,0,4,0,0,4,2013-03-25 through 2013-03-31
2681,14,14,2013,80,5,0,5,0,2,2,2013-04-01 through 2013-04-07
2758,14,15,2013,68,8,0,8,0,1,5,2013-04-08 through 2013-04-14
2835,14,16,2013,79,18,0,20,0,2,9,2013-04-15 through 2013-04-21
2910,14,17,2013,71,12,0,13,0,2,6,2013-04-22 through 2013-04-28
2987,14,18,2013,76,10,0,10,0,1,6,2013-04-29 through 2013-05-05
3065,14,19,2013,88,13,0,19,0,0,11,2013-05-06 through 2013-05-12
3142,14,2,2013,59,9,0,12,0,3,3,2013-01-07 through 2013-01-13
3219,14,20,2013,76,11,0,12,0,6,5,2013-05-13 through 2013-05-19
3296,14,21,2013,71,9,0,11,0,3,3,2013-05-20 through 2013-05-26
3374,14,22,2013,68,10,0,11,0,1,4,2013-05-27 through 2013-06-02
3451,14,23,2013,64,20,0,25,0,3,13,2013-06-03 through 2013-06-09
3528,14,24,2013,93,16,0,16,0,5,8,2013-06-10 through 2013-06-16
3606,14,25,2013,75,7,0,9,0,0,7,2013-06-17 through 2013-06-23
3681,14,26,2013,86,10,0,10,0,1,7,2013-06-24 through 2013-06-30
3759,14,27,2013,76,13,0,16,0,4,2,2013-07-01 through 2013-07-07
3834,14,28,2013,78,13,0,14,0,2,5,2013-07-08 through 2013-07-14
3912,14,29,2013,66,11,0,11,0,1,4,2013-07-15 through 2013-07-21
3989,14,3,2013,60,9,0,10,0,0,6,2013-01-14 through 2013-01-20
4068,14,30,2013,69,8,1,13,1,1,1,2013-07-22 through 2013-07-28
4143,14,31,2013,80,9,0,10,0,2,5,2013-07-29 through 2013-08-04
4221,14,32,2013,90,17,0,18,0,4,8,2013-08-05 through 2013-08-11
4298,14,33,2013,77,6,0,6,0,1,3,2013-08-12 through 2013-08-18
4373,14,34,2013,73,10,0,11,0,4,4,2013-08-19 through 2013-08-25
4452,14,35,2013,55,9,0,10,0,1,4,2013-08-26 through 2013-09-01
4529,14,36,2013,60,6,0,6,0,3,2,2013-09-02 through 2013-09-08
4605,14,37,2013,96,10,0,12,0,3,3,2013-09-09 through 2013-09-15
4682,14,38,2013,64,6,0,9,0,1,3,2013-09-16 through 2013-09-22
4756,14,39,2013,65,9,0,13,0,3,2,2013-09-23 through 2013-09-29
4834,14,4,2013,48,7,0,7,0,2,2,2013-01-21 through 2013-01-27
4912,14,40,2013,67,11,0,13,0,4,6,2013-09-30 through 2013-10-06
4991,14,41,2013,69,5,0,5,0,1,3,2013-10-07 through 2013-10-13
5068,14,42,2013,63,11,0,15,0,1,4,2013-10-14 through 2013-10-20
5146,14,43,2013,78,9,0,15,0,0,3,2013-10-21 through 2013-10-27
5221,14,44,2013,80,7,0,7,0,1,3,2013-10-28 through 2013-11-03
5296,14,45,2013,88,12,0,14,0,3,8,2013-11-04 through 2013-11-10
5374,14,46,2013,74,9,0,9,0,0,5,2013-11-11 through 2013-11-17
5453,14,47,2013,61,6,0,6,0,0,4,2013-11-18 through 2013-11-24
5530,14,48,2013,77,6,1,6,1,1,6,2013-11-25 through 2013-12-01
5607,14,49,2013,77,17,0,18,0,2,11,2013-12-02 through 2013-12-08
5683,14,5,2013,59,9,0,10,0,1,6,2013-01-28 through 2013-02-03
5759,14,50,2013,79,12,0,15,0,3,6,2013-12-09 through 2013-12-15
5841,14,51,2013,78,13,0,13,0,2,5,2013-12-16 through 2013-12-22
5917,14,52,2013,76,10,0,10,0,2,6,2013-12-23 through 2013-12-29
5993,14,6,2013,48,8,1,9,1,0,7,2013-02-04 through 2013-02-10
6066,14,7,2013,63,10,0,11,0,0,5,2013-02-11 through 2013-02-17
6143,14,8,2013,63,6,0,6,0,1,4,2013-02-18 through 2013-02-24
6224,14,9,2013,82,9,0,9,0,3,6,2013-02-25 through 2013-03-03
6359,14,1,2014,29,3,0,4,0,0,2,2013-12-30 through 2014-01-05
6360,14,1,2014,25,3,0,3,0,1,2,2014-12-29 through 2015-01-04
6447,14,10,2014,67,8,0,8,0,1,4,2014-03-03 through 2014-03-09
6523,14,11,2014,63,11,0,11,0,1,7,2014-03-10 through 2014-03-16
6600,14,12,2014,71,12,0,13,0,1,9,2014-03-17 through 2014-03-23
6682,14,13,2014,60,9,0,9,0,3,5,2014-03-24 through 2014-03-30
6757,14,14,2014,65,5,0,5,0,1,4,2014-03-31 through 2014-04-06
6835,14,15,2014,56,9,0,9,0,4,3,2014-04-07 through 2014-04-13
6910,14,16,2014,75,10,0,11,0,1,3,2014-04-14 through 2014-04-20
6984,14,17,2014,72,12,0,12,0,2,5,2014-04-21 through 2014-04-27
7063,14,18,2014,95,12,1,14,1,3,7,2014-04-28 through 2014-05-04
7139,14,19,2014,74,12,0,12,0,2,8,2014-05-05 through 2014-05-11
7217,14,2,2014,67,9,0,9,0,2,6,2014-01-06 through 2014-01-12
7294,14,20,2014,79,17,0,18,0,5,9,2014-05-12 through 2014-05-18
7367,14,21,2014,102,9,0,9,0,1,7,2014-05-19 through 2014-05-25
7444,14,22,2014,69,5,0,5,0,3,2,2014-05-26 through 2014-06-01
7522,14,23,2014,74,7,0,8,0,2,1,2014-06-02 through 2014-06-08
7599,14,24,2014,88,12,0,13,0,0,6,2014-06-09 through 2014-06-15
7681,14,25,2014,87,14,0,21,0,1,7,2014-06-16 through 2014-06-22
7758,14,26,2014,74,6,0,7,0,1,4,2014-06-23 through 2014-06-29
7830,14,27,2014,58,7,0,9,0,2,3,2014-06-30 through 2014-07-06
7909,14,28,2014,76,5,0,5,0,3,1,2014-07-07 through 2014-07-13
7988,14,29,2014,84,8,0,12,0,0,3,2014-07-14 through 2014-07-20
8062,14,3,2014,54,8,1,11,1,0,3,2014-01-13 through 2014-01-19
8144,14,30,2014,78,10,0,15,0,3,5,2014-07-21 through 2014-07-27
8219,14,31,2014,95,8,0,9,0,1,4,2014-07-28 through 2014-08-03
8296,14,32,2014,83,11,0,15,0,7,2,2014-08-04 through 2014-08-10
8375,14,33,2014,85,9,0,9,0,5,2,2014-08-11 through 2014-08-17
8452,14,34,2014,64,4,0,6,0,0,1,2014-08-18 through 2014-08-24
8527,14,35,2014,75,9,0,11,0,1,6,2014-08-25 through 2014-08-31
8602,14,36,2014,59,5,0,6,0,1,1,2014-09-01 through 2014-09-07
8680,14,37,2014,69,12,0,13,0,6,2,2014-09-08 through 2014-09-14
8754,14,38,2014,76,7,0,8,0,1,2,2014-09-15 through 2014-09-21
8831,14,39,2014,68,7,0,8,0,0,6,2014-09-22 through 2014-09-28
8903,14,4,2014,78,10,0,10,0,1,5,2014-01-20 through 2014-01-26
8985,14,40,2014,69,10,0,13,0,3,6,2014-09-29 through 2014-10-05
9063,14,41,2014,73,10,0,12,0,2,6,2014-10-06 through 2014-10-12
9140,14,42,2014,75,16,0,19,0,0,9,2014-10-13 through 2014-10-19
9216,14,43,2014,78,10,0,10,0,4,4,2014-10-20 through 2014-10-26
9297,14,44,2014,72,12,0,14,0,2,5,2014-10-27 through 2014-11-02
9373,14,45,2014,76,5,0,6,0,0,3,2014-11-03 through 2014-11-09
9450,14,46,2014,70,11,0,11,0,2,6,2014-11-10 through 2014-11-16
9532,14,47,2014,78,11,0,12,0,1,8,2014-11-17 through 2014-11-23
9602,14,48,2014,72,10,0,10,0,1,8,2014-11-24 through 2014-11-30
9680,14,49,2014,87,11,0,13,0,1,4,2014-12-01 through 2014-12-07
9759,14,5,2014,67,11,0,12,0,3,3,2014-01-27 through 2014-02-02
9840,14,50,2014,87,9,0,16,0,1,13,2014-12-08 through 2014-12-14
9915,14,51,2014,65,8,0,10,0,1,5,2014-12-15 through 2014-12-21
9991,14,52,2014,65,8,0,9,0,2,3,2014-12-22 through 2014-12-28
10068,14,6,2014,45,5,0,5,0,2,2,2014-02-03 through 2014-02-09
10144,14,7,2014,72,10,0,11,0,1,7,2014-02-10 through 2014-02-16
10221,14,8,2014,55,9,0,11,0,0,5,2014-02-17 through 2014-02-23
10299,14,9,2014,64,4,0,4,0,0,4,2014-02-24 through 2014-03-02
10369,14,1,2015,28,1,0,1,0,0,0,2014-12-29 through 2015-01-04
10443,14,10,2015,72,9,0,12,0,0,5,2015-03-02 through 2015-03-08
10524,14,11,2015,63,7,0,7,0,0,4,2015-03-09 through 2015-03-15
10597,14,12,2015,70,9,0,9,0,3,6,2015-03-16 through 2015-03-22
10680,14,13,2015,48,6,0,7,0,2,1,2015-03-23 through 2015-03-29
10749,14,14,2015,79,8,0,10,0,2,2,2015-03-30 through 2015-04-05
10830,14,15,2015,90,12,0,15,0,5,4,2015-04-06 through 2015-04-12
10903,14,16,2015,20,2,0,2,0,0,1,2015-04-13 through 2015-04-19
10985,14,2,2015,61,15,0,17,0,2,11,2015-01-05 through 2015-01-11
11067,14,3,2015,63,9,0,11,0,1,5,2015-01-12 through 2015-01-18
11131,14,4,2015,40,6,1,6,1,0,5,2015-01-19 through 2015-01-25
11220,14,5,2015,47,3,0,3,0,0,2,2015-01-26 through 2015-02-01
11296,14,6,2015,65,5,0,8,0,0,6,2015-02-02 through 2015-02-08
11372,14,7,2015,79,6,0,10,0,1,1,2015-02-09 through 2015-02-15
11449,14,8,2015,73,11,0,11,0,0,7,2015-02-16 through 2015-02-22
11487,14,9,2015,31,6,0,8,0,0,3,2015-02-23 through 2015-03-01
