row_number,precinct,week,year,all_collisions,injury_collisions,fatal_collisions,injures,fatalities,cyclists_involved,pedestrians_involved,label
13,23,1,2012,6,1,0,2,0,0,0,2012-12-31 through 2013-01-06
82,23,26,2012,5,2,0,3,0,0,3,2012-06-25 through 2012-07-01
158,23,27,2012,23,4,0,4,0,2,0,2012-07-02 through 2012-07-08
233,23,28,2012,19,1,0,1,0,0,0,2012-07-09 through 2012-07-15
310,23,29,2012,30,9,0,13,0,3,1,2012-07-16 through 2012-07-22
389,23,30,2012,27,6,0,7,0,1,1,2012-07-23 through 2012-07-29
466,23,31,2012,33,5,1,7,1,1,3,2012-07-30 through 2012-08-05
545,23,32,2012,19,5,1,8,1,0,2,2012-08-06 through 2012-08-12
620,23,33,2012,23,6,0,11,0,2,3,2012-08-13 through 2012-08-19
697,23,34,2012,24,3,0,8,0,0,0,2012-08-20 through 2012-08-26
774,23,35,2012,17,4,0,5,0,1,0,2012-08-27 through 2012-09-02
851,23,36,2012,29,5,0,6,0,0,4,2012-09-03 through 2012-09-09
928,23,37,2012,31,7,0,11,0,0,2,2012-09-10 through 2012-09-16
1005,23,38,2012,36,6,0,9,0,0,3,2012-09-17 through 2012-09-23
1082,23,39,2012,19,0,0,0,0,0,0,2012-09-24 through 2012-09-30
1159,23,40,2012,30,7,0,7,0,0,5,2012-10-01 through 2012-10-07
1238,23,41,2012,31,13,0,18,0,1,3,2012-10-08 through 2012-10-14
1315,23,42,2012,38,5,0,5,0,0,3,2012-10-15 through 2012-10-21
1394,23,43,2012,23,5,0,9,0,0,3,2012-10-22 through 2012-10-28
1471,23,44,2012,18,3,0,5,0,0,0,2012-10-29 through 2012-11-04
1546,23,45,2012,24,6,0,7,0,1,0,2012-11-05 through 2012-11-11
1623,23,46,2012,23,1,0,1,0,0,0,2012-11-12 through 2012-11-18
1700,23,47,2012,30,5,0,6,0,2,1,2012-11-19 through 2012-11-25
1777,23,48,2012,33,6,0,12,0,0,4,2012-11-26 through 2012-12-02
1854,23,49,2012,27,4,0,5,0,0,1,2012-12-03 through 2012-12-09
1933,23,50,2012,28,11,0,18,0,0,6,2012-12-10 through 2012-12-16
2012,23,51,2012,32,3,0,5,0,0,1,2012-12-17 through 2012-12-23
2087,23,52,2012,23,4,0,5,0,0,1,2012-12-24 through 2012-12-30
2164,23,1,2013,11,3,0,3,0,0,1,2012-12-31 through 2013-01-06
2166,23,1,2013,13,1,0,1,0,0,0,2013-12-30 through 2014-01-05
2312,23,10,2013,27,3,0,3,0,0,1,2013-03-04 through 2013-03-10
2389,23,11,2013,21,3,0,3,0,0,1,2013-03-11 through 2013-03-17
2466,23,12,2013,23,3,0,3,0,0,2,2013-03-18 through 2013-03-24
2545,23,13,2013,20,4,0,7,0,0,1,2013-03-25 through 2013-03-31
2620,23,14,2013,28,5,0,8,0,2,1,2013-04-01 through 2013-04-07
2697,23,15,2013,17,3,0,4,0,1,0,2013-04-08 through 2013-04-14
2774,23,16,2013,27,2,0,3,0,0,1,2013-04-15 through 2013-04-21
2851,23,17,2013,21,2,0,5,0,0,1,2013-04-22 through 2013-04-28
2926,23,18,2013,39,2,0,5,0,0,0,2013-04-29 through 2013-05-05
3007,23,19,2013,26,6,0,6,0,0,1,2013-05-06 through 2013-05-12
3082,23,2,2013,18,3,0,3,0,0,1,2013-01-07 through 2013-01-13
3161,23,20,2013,30,6,0,8,0,1,1,2013-05-13 through 2013-05-19
3238,23,21,2013,40,9,0,10,0,1,2,2013-05-20 through 2013-05-26
3313,23,22,2013,38,4,1,5,1,2,0,2013-05-27 through 2013-06-02
3392,23,23,2013,35,3,0,5,0,1,1,2013-06-03 through 2013-06-09
3465,23,24,2013,37,1,0,1,0,0,1,2013-06-10 through 2013-06-16
3546,23,25,2013,28,6,0,6,0,2,2,2013-06-17 through 2013-06-23
3625,23,26,2013,35,6,0,6,0,1,2,2013-06-24 through 2013-06-30
3698,23,27,2013,22,9,0,16,0,2,0,2013-07-01 through 2013-07-07
3775,23,28,2013,39,4,0,4,0,1,1,2013-07-08 through 2013-07-14
3852,23,29,2013,20,0,0,0,0,0,0,2013-07-15 through 2013-07-21
3931,23,3,2013,35,5,0,8,0,0,3,2013-01-14 through 2013-01-20
4014,23,30,2013,25,5,0,7,0,0,3,2013-07-22 through 2013-07-28
4087,23,31,2013,14,3,0,4,0,1,0,2013-07-29 through 2013-08-04
4164,23,32,2013,42,10,0,12,0,3,2,2013-08-05 through 2013-08-11
4241,23,33,2013,28,3,0,3,0,1,1,2013-08-12 through 2013-08-18
4318,23,34,2013,29,3,1,3,1,0,3,2013-08-19 through 2013-08-25
4395,23,35,2013,18,3,0,6,0,1,1,2013-08-26 through 2013-09-01
4468,23,36,2013,25,11,0,12,0,1,2,2013-09-02 through 2013-09-08
4549,23,37,2013,28,2,0,2,0,1,0,2013-09-09 through 2013-09-15
4624,23,38,2013,32,5,0,6,0,1,1,2013-09-16 through 2013-09-22
4703,23,39,2013,28,3,0,4,0,2,0,2013-09-23 through 2013-09-29
4778,23,4,2013,27,3,0,4,0,0,0,2013-01-21 through 2013-01-27
4857,23,40,2013,26,0,0,0,0,0,0,2013-09-30 through 2013-10-06
4938,23,41,2013,40,5,0,8,0,1,3,2013-10-07 through 2013-10-13
5015,23,42,2013,27,6,0,8,0,1,2,2013-10-14 through 2013-10-20
5092,23,43,2013,24,1,0,1,0,0,0,2013-10-21 through 2013-10-27
5165,23,44,2013,32,7,0,8,0,2,1,2013-10-28 through 2013-11-03
5248,23,45,2013,37,4,0,5,0,1,3,2013-11-04 through 2013-11-10
5321,23,46,2013,22,4,1,6,1,0,2,2013-11-11 through 2013-11-17
5400,23,47,2013,36,7,0,14,0,3,0,2013-11-18 through 2013-11-24
5483,23,48,2013,26,7,0,8,0,0,4,2013-11-25 through 2013-12-01
5556,23,49,2013,40,6,0,8,0,1,0,2013-12-02 through 2013-12-08
5627,23,5,2013,25,2,0,3,0,0,0,2013-01-28 through 2013-02-03
5714,23,50,2013,19,6,0,6,0,1,4,2013-12-09 through 2013-12-15
5787,23,51,2013,31,4,0,4,0,1,2,2013-12-16 through 2013-12-22
5864,23,52,2013,23,3,0,3,0,0,2,2013-12-23 through 2013-12-29
5939,23,6,2013,25,3,0,3,0,0,2,2013-02-04 through 2013-02-10
6012,23,7,2013,24,6,0,6,0,0,3,2013-02-11 through 2013-02-17
6093,23,8,2013,22,2,0,2,0,0,1,2013-02-18 through 2013-02-24
6172,23,9,2013,35,5,0,7,0,0,1,2013-02-25 through 2013-03-03
6249,23,1,2014,13,0,0,0,0,0,0,2013-12-30 through 2014-01-05
6251,23,1,2014,8,2,0,2,0,0,1,2014-12-29 through 2015-01-04
6405,23,10,2014,26,5,0,6,0,0,2,2014-03-03 through 2014-03-09
6476,23,11,2014,27,7,0,11,0,1,5,2014-03-10 through 2014-03-16
6555,23,12,2014,21,4,0,6,0,1,2,2014-03-17 through 2014-03-23
6632,23,13,2014,29,2,0,3,0,0,1,2014-03-24 through 2014-03-30
6709,23,14,2014,32,4,0,7,0,0,1,2014-03-31 through 2014-04-06
6782,23,15,2014,25,3,0,3,0,1,2,2014-04-07 through 2014-04-13
6861,23,16,2014,19,5,1,5,1,2,1,2014-04-14 through 2014-04-20
6942,23,17,2014,27,5,0,6,0,0,3,2014-04-21 through 2014-04-27
7015,23,18,2014,32,6,0,7,0,1,2,2014-04-28 through 2014-05-04
7094,23,19,2014,32,4,1,11,1,0,1,2014-05-05 through 2014-05-11
7167,23,2,2014,32,11,0,15,0,0,8,2014-01-06 through 2014-01-12
7252,23,20,2014,38,9,0,12,0,3,1,2014-05-12 through 2014-05-18
7329,23,21,2014,28,7,0,9,0,1,5,2014-05-19 through 2014-05-25
7394,23,22,2014,37,3,0,3,0,0,1,2014-05-26 through 2014-06-01
7485,23,23,2014,40,9,0,11,0,1,4,2014-06-02 through 2014-06-08
7550,23,24,2014,24,4,0,4,0,1,2,2014-06-09 through 2014-06-15
7635,23,25,2014,32,8,0,8,0,0,5,2014-06-16 through 2014-06-22
7712,23,26,2014,31,8,0,11,0,0,8,2014-06-23 through 2014-06-29
7787,23,27,2014,31,5,0,5,0,2,1,2014-06-30 through 2014-07-06
7864,23,28,2014,28,3,0,4,0,0,2,2014-07-07 through 2014-07-13
7941,23,29,2014,22,6,0,6,0,1,1,2014-07-14 through 2014-07-20
8020,23,3,2014,34,5,0,6,0,0,2,2014-01-13 through 2014-01-19
8098,23,30,2014,13,2,1,3,1,0,0,2014-07-21 through 2014-07-27
8171,23,31,2014,29,8,0,10,0,1,3,2014-07-28 through 2014-08-03
8246,23,32,2014,31,2,0,3,0,0,2,2014-08-04 through 2014-08-10
8327,23,33,2014,20,4,0,7,0,0,0,2014-08-11 through 2014-08-17
8402,23,34,2014,23,2,1,3,1,2,0,2014-08-18 through 2014-08-24
8479,23,35,2014,22,2,0,3,0,1,0,2014-08-25 through 2014-08-31
8553,23,36,2014,30,6,1,10,1,0,2,2014-09-01 through 2014-09-07
8630,23,37,2014,42,5,0,8,0,1,0,2014-09-08 through 2014-09-14
8710,23,38,2014,32,5,0,5,0,0,4,2014-09-15 through 2014-09-21
8784,23,39,2014,34,8,0,8,0,1,4,2014-09-22 through 2014-09-28
8862,23,4,2014,28,8,0,8,0,1,2,2014-01-20 through 2014-01-26
8938,23,40,2014,32,6,0,8,0,0,2,2014-09-29 through 2014-10-05
9016,23,41,2014,27,3,0,9,0,1,0,2014-10-06 through 2014-10-12
9096,23,42,2014,26,6,0,7,0,1,3,2014-10-13 through 2014-10-19
9170,23,43,2014,31,6,0,8,0,0,3,2014-10-20 through 2014-10-26
9251,23,44,2014,33,4,0,5,0,0,0,2014-10-27 through 2014-11-02
9329,23,45,2014,22,2,0,3,0,0,2,2014-11-03 through 2014-11-09
9405,23,46,2014,39,10,0,12,0,1,4,2014-11-10 through 2014-11-16
9477,23,47,2014,27,2,0,4,0,0,1,2014-11-17 through 2014-11-23
9558,23,48,2014,22,1,0,1,0,0,0,2014-11-24 through 2014-11-30
9631,23,49,2014,29,4,0,5,0,0,1,2014-12-01 through 2014-12-07
9714,23,5,2014,37,11,0,11,0,0,7,2014-01-27 through 2014-02-02
9791,23,50,2014,46,3,0,4,0,0,4,2014-12-08 through 2014-12-14
9864,23,51,2014,38,6,0,10,0,0,3,2014-12-15 through 2014-12-21
9940,23,52,2014,20,4,0,4,0,0,1,2014-12-22 through 2014-12-28
10017,23,6,2014,24,6,0,6,0,2,0,2014-02-03 through 2014-02-09
10094,23,7,2014,27,5,0,7,0,0,2,2014-02-10 through 2014-02-16
10168,23,8,2014,12,3,0,4,0,0,1,2014-02-17 through 2014-02-23
10250,23,9,2014,25,3,0,3,0,0,1,2014-02-24 through 2014-03-02
10319,23,1,2015,10,0,0,0,0,0,0,2014-12-29 through 2015-01-04
10398,23,10,2015,39,4,0,5,0,0,1,2015-03-02 through 2015-03-08
10475,23,11,2015,23,0,0,0,0,0,0,2015-03-09 through 2015-03-15
10549,23,12,2015,32,3,0,3,0,1,0,2015-03-16 through 2015-03-22
10631,23,13,2015,15,1,0,1,0,0,1,2015-03-23 through 2015-03-29
10705,23,14,2015,29,2,0,2,0,0,1,2015-03-30 through 2015-04-05
10788,23,15,2015,24,3,0,4,0,0,1,2015-04-06 through 2015-04-12
10860,23,16,2015,10,2,0,2,0,0,0,2015-04-13 through 2015-04-19
10936,23,2,2015,38,4,0,4,0,1,2,2015-01-05 through 2015-01-11
11020,23,3,2015,39,5,0,6,0,1,3,2015-01-12 through 2015-01-18
11090,23,4,2015,25,6,0,9,0,1,1,2015-01-19 through 2015-01-25
11176,23,5,2015,29,3,0,3,0,0,1,2015-01-26 through 2015-02-01
11287,23,6,2015,23,6,0,9,0,0,3,2015-02-02 through 2015-02-08
11321,23,7,2015,33,3,0,4,0,1,1,2015-02-09 through 2015-02-15
11397,23,8,2015,27,2,0,2,0,0,0,2015-02-16 through 2015-02-22
11513,23,9,2015,20,3,0,5,0,0,0,2015-02-23 through 2015-03-01
