row_number,precinct,week,year,all_collisions,injury_collisions,fatal_collisions,injures,fatalities,cyclists_involved,pedestrians_involved,label
109,7,26,2012,4,0,0,0,0,0,0,2012-06-25 through 2012-07-01
179,7,27,2012,29,7,0,7,0,2,3,2012-07-02 through 2012-07-08
244,7,28,2012,19,3,0,3,0,1,0,2012-07-09 through 2012-07-15
319,7,29,2012,20,4,0,4,0,0,1,2012-07-16 through 2012-07-22
428,7,30,2012,24,6,0,6,0,2,1,2012-07-23 through 2012-07-29
489,7,31,2012,17,3,0,3,0,0,1,2012-07-30 through 2012-08-05
566,7,32,2012,26,7,0,9,0,3,2,2012-08-06 through 2012-08-12
651,7,33,2012,19,2,0,2,0,0,2,2012-08-13 through 2012-08-19
690,7,34,2012,27,6,0,7,0,2,2,2012-08-20 through 2012-08-26
811,7,35,2012,22,4,0,4,0,2,1,2012-08-27 through 2012-09-02
898,7,36,2012,20,5,0,5,0,2,0,2012-09-03 through 2012-09-09
973,7,37,2012,22,6,0,7,0,1,2,2012-09-10 through 2012-09-16
1052,7,38,2012,13,4,0,5,0,1,1,2012-09-17 through 2012-09-23
1119,7,39,2012,19,3,0,3,0,1,0,2012-09-24 through 2012-09-30
1214,7,40,2012,24,7,0,8,0,1,2,2012-10-01 through 2012-10-07
1231,7,41,2012,19,3,0,5,0,0,1,2012-10-08 through 2012-10-14
1330,7,42,2012,23,6,0,6,0,3,2,2012-10-15 through 2012-10-21
1417,7,43,2012,14,2,0,2,0,0,1,2012-10-22 through 2012-10-28
1458,7,44,2012,8,2,0,2,0,0,1,2012-10-29 through 2012-11-04
1547,7,45,2012,9,3,0,3,0,0,2,2012-11-05 through 2012-11-11
1660,7,46,2012,16,1,0,1,0,0,0,2012-11-12 through 2012-11-18
1711,7,47,2012,12,5,0,5,0,1,2,2012-11-19 through 2012-11-25
1770,7,48,2012,15,3,0,3,0,1,1,2012-11-26 through 2012-12-02
1871,7,49,2012,17,1,0,1,0,0,1,2012-12-03 through 2012-12-09
1958,7,50,2012,23,3,0,3,0,0,1,2012-12-10 through 2012-12-16
2035,7,51,2012,22,6,0,7,0,1,3,2012-12-17 through 2012-12-23
2096,7,52,2012,9,2,0,2,0,0,1,2012-12-24 through 2012-12-30
2191,7,1,2013,10,2,0,2,0,1,0,2012-12-31 through 2013-01-06
2269,7,1,2013,2,0,0,0,0,0,0,2013-12-30 through 2014-01-05
2333,7,10,2013,15,4,0,4,0,1,1,2013-03-04 through 2013-03-10
2412,7,11,2013,24,5,0,9,0,1,1,2013-03-11 through 2013-03-17
2499,7,12,2013,14,5,0,6,0,1,1,2013-03-18 through 2013-03-24
2568,7,13,2013,16,3,0,4,0,1,0,2013-03-25 through 2013-03-31
2659,7,14,2013,13,2,0,3,0,0,0,2013-04-01 through 2013-04-07
2734,7,15,2013,17,4,0,6,0,1,0,2013-04-08 through 2013-04-14
2819,7,16,2013,16,5,0,8,0,0,2,2013-04-15 through 2013-04-21
2860,7,17,2013,11,3,0,6,0,0,1,2013-04-22 through 2013-04-28
2977,7,18,2013,21,11,0,11,0,4,3,2013-04-29 through 2013-05-05
3014,7,19,2013,16,2,0,2,0,0,1,2013-05-06 through 2013-05-12
3075,7,2,2013,12,4,0,4,0,1,3,2013-01-07 through 2013-01-13
3200,7,20,2013,11,4,0,5,0,0,2,2013-05-13 through 2013-05-19
3241,7,21,2013,26,7,0,9,0,0,4,2013-05-20 through 2013-05-26
3358,7,22,2013,15,6,0,8,0,1,3,2013-05-27 through 2013-06-02
3411,7,23,2013,23,4,0,6,0,1,0,2013-06-03 through 2013-06-09
3478,7,24,2013,19,1,0,1,0,1,0,2013-06-10 through 2013-06-16
3583,7,25,2013,17,5,0,5,0,2,2,2013-06-17 through 2013-06-23
3652,7,26,2013,16,6,0,6,0,2,2,2013-06-24 through 2013-06-30
3735,7,27,2013,17,4,0,4,0,0,2,2013-07-01 through 2013-07-07
3802,7,28,2013,15,3,0,4,0,1,1,2013-07-08 through 2013-07-14
3889,7,29,2013,27,8,0,11,0,4,0,2013-07-15 through 2013-07-21
3954,7,3,2013,14,3,0,4,0,1,1,2013-01-14 through 2013-01-20
4001,7,30,2013,19,3,0,3,0,1,1,2013-07-22 through 2013-07-28
4128,7,31,2013,23,8,0,8,0,3,1,2013-07-29 through 2013-08-04
4157,7,32,2013,17,7,0,8,0,2,2,2013-08-05 through 2013-08-11
4252,7,33,2013,15,3,0,3,0,0,1,2013-08-12 through 2013-08-18
4309,7,34,2013,13,3,1,8,1,0,1,2013-08-19 through 2013-08-25
4434,7,35,2013,25,5,0,6,0,2,2,2013-08-26 through 2013-09-01
4489,7,36,2013,17,4,0,6,0,1,1,2013-09-02 through 2013-09-08
4560,7,37,2013,26,9,0,12,0,0,6,2013-09-09 through 2013-09-15
4645,7,38,2013,15,4,0,4,0,0,3,2013-09-16 through 2013-09-22
4740,7,39,2013,17,2,0,2,0,1,1,2013-09-23 through 2013-09-29
4809,7,4,2013,12,5,0,6,0,0,2,2013-01-21 through 2013-01-27
4882,7,40,2013,20,6,0,6,0,1,2,2013-09-30 through 2013-10-06
4923,7,41,2013,18,7,0,9,0,4,0,2013-10-07 through 2013-10-13
5008,7,42,2013,15,3,0,7,0,0,1,2013-10-14 through 2013-10-20
5089,7,43,2013,17,1,0,1,0,0,1,2013-10-21 through 2013-10-27
5166,7,44,2013,21,4,0,6,0,1,0,2013-10-28 through 2013-11-03
5231,7,45,2013,21,4,0,4,0,1,1,2013-11-04 through 2013-11-10
5336,7,46,2013,21,3,0,4,0,0,1,2013-11-11 through 2013-11-17
5393,7,47,2013,16,1,0,1,0,0,0,2013-11-18 through 2013-11-24
5490,7,48,2013,16,4,0,5,0,1,1,2013-11-25 through 2013-12-01
5541,7,49,2013,16,1,0,1,0,1,0,2013-12-02 through 2013-12-08
5646,7,5,2013,17,3,0,3,0,0,2,2013-01-28 through 2013-02-03
5729,7,50,2013,20,4,0,4,0,0,2,2013-12-09 through 2013-12-15
5804,7,51,2013,19,2,0,2,0,1,0,2013-12-16 through 2013-12-22
5869,7,52,2013,14,4,0,6,0,3,0,2013-12-23 through 2013-12-29
5940,7,6,2013,23,3,0,7,0,0,0,2013-02-04 through 2013-02-10
6017,7,7,2013,19,5,0,7,0,1,1,2013-02-11 through 2013-02-17
6086,7,8,2013,14,4,0,4,0,0,2,2013-02-18 through 2013-02-24
6173,7,9,2013,12,4,0,5,0,0,2,2013-02-25 through 2013-03-03
6238,7,1,2014,3,1,0,2,0,0,2,2013-12-30 through 2014-01-05
6262,7,1,2014,7,0,0,0,0,0,0,2014-12-29 through 2015-01-04
6433,7,10,2014,22,2,0,2,0,0,2,2014-03-03 through 2014-03-09
6506,7,11,2014,21,5,0,6,0,0,1,2014-03-10 through 2014-03-16
6577,7,12,2014,13,4,0,4,0,1,3,2014-03-17 through 2014-03-23
6655,7,13,2014,16,6,0,6,0,1,3,2014-03-24 through 2014-03-30
6731,7,14,2014,19,3,0,3,0,1,1,2014-03-31 through 2014-04-06
6830,7,15,2014,14,0,0,0,0,0,0,2014-04-07 through 2014-04-13
6913,7,16,2014,17,4,0,6,0,0,4,2014-04-14 through 2014-04-20
6993,7,17,2014,17,3,0,4,0,1,0,2014-04-21 through 2014-04-27
7066,7,18,2014,15,4,0,4,0,1,2,2014-04-28 through 2014-05-04
7153,7,19,2014,16,2,0,5,0,0,0,2014-05-05 through 2014-05-11
7231,7,2,2014,13,1,0,2,0,0,0,2014-01-06 through 2014-01-12
7283,7,20,2014,22,5,0,6,0,0,3,2014-05-12 through 2014-05-18
7317,7,21,2014,17,4,0,6,0,0,0,2014-05-19 through 2014-05-25
7402,7,22,2014,26,2,0,2,0,1,0,2014-05-26 through 2014-06-01
7487,7,23,2014,21,2,0,2,0,0,0,2014-06-02 through 2014-06-08
7556,7,24,2014,14,1,0,1,0,1,0,2014-06-09 through 2014-06-15
7642,7,25,2014,25,5,0,7,0,0,3,2014-06-16 through 2014-06-22
7726,7,26,2014,16,6,0,6,0,1,2,2014-06-23 through 2014-06-29
7801,7,27,2014,24,2,0,2,0,0,2,2014-06-30 through 2014-07-06
7884,7,28,2014,17,3,0,3,0,1,1,2014-07-07 through 2014-07-13
7947,7,29,2014,22,4,0,4,0,1,0,2014-07-14 through 2014-07-20
8025,7,3,2014,18,5,0,11,0,0,5,2014-01-13 through 2014-01-19
8123,7,30,2014,17,6,0,9,0,0,1,2014-07-21 through 2014-07-27
8195,7,31,2014,16,2,0,3,0,1,0,2014-07-28 through 2014-08-03
8283,7,32,2014,21,4,0,4,0,3,0,2014-08-04 through 2014-08-10
8348,7,33,2014,11,1,0,1,0,1,0,2014-08-11 through 2014-08-17
8446,7,34,2014,31,11,0,11,0,2,4,2014-08-18 through 2014-08-24
8528,7,35,2014,17,5,1,7,1,1,4,2014-08-25 through 2014-08-31
8590,7,36,2014,13,2,0,2,0,1,1,2014-09-01 through 2014-09-07
8682,7,37,2014,25,9,0,10,0,3,4,2014-09-08 through 2014-09-14
8759,7,38,2014,18,3,0,3,0,1,2,2014-09-15 through 2014-09-21
8848,7,39,2014,15,3,0,4,0,0,0,2014-09-22 through 2014-09-28
8925,7,4,2014,22,6,0,6,0,0,0,2014-01-20 through 2014-01-26
8969,7,40,2014,22,8,0,10,0,3,3,2014-09-29 through 2014-10-05
9010,7,41,2014,22,3,0,3,0,1,0,2014-10-06 through 2014-10-12
9091,7,42,2014,27,4,0,4,0,2,1,2014-10-13 through 2014-10-19
9165,7,43,2014,20,6,0,8,0,1,1,2014-10-20 through 2014-10-26
9269,7,44,2014,16,3,0,3,0,0,2,2014-10-27 through 2014-11-02
9343,7,45,2014,17,2,0,2,0,0,2,2014-11-03 through 2014-11-09
9426,7,46,2014,18,6,0,6,0,1,3,2014-11-10 through 2014-11-16
9492,7,47,2014,15,3,0,3,0,1,1,2014-11-17 through 2014-11-23
9577,7,48,2014,17,3,1,7,1,1,1,2014-11-24 through 2014-11-30
9655,7,49,2014,28,7,0,8,0,1,4,2014-12-01 through 2014-12-07
9740,7,5,2014,13,4,0,4,0,0,2,2014-01-27 through 2014-02-02
9818,7,50,2014,17,3,0,3,0,0,2,2014-12-08 through 2014-12-14
9891,7,51,2014,20,4,0,4,0,1,2,2014-12-15 through 2014-12-21
9978,7,52,2014,13,2,0,2,0,0,1,2014-12-22 through 2014-12-28
10054,7,6,2014,16,3,0,4,0,0,0,2014-02-03 through 2014-02-09
10132,7,7,2014,16,3,0,3,0,0,0,2014-02-10 through 2014-02-16
10223,7,8,2014,11,3,0,4,0,0,1,2014-02-17 through 2014-02-23
10304,7,9,2014,13,3,0,3,0,1,0,2014-02-24 through 2014-03-02
10347,7,1,2015,6,0,0,0,0,0,0,2014-12-29 through 2015-01-04
10426,7,10,2015,20,3,0,3,0,0,2,2015-03-02 through 2015-03-08
10503,7,11,2015,16,2,0,2,0,0,2,2015-03-09 through 2015-03-15
10577,7,12,2015,22,6,0,7,0,1,2,2015-03-16 through 2015-03-22
10678,7,13,2015,11,2,0,2,0,0,1,2015-03-23 through 2015-03-29
10751,7,14,2015,13,2,0,2,0,1,1,2015-03-30 through 2015-04-05
10821,7,15,2015,24,3,0,5,0,2,0,2015-04-06 through 2015-04-12
10916,7,16,2015,4,1,0,1,0,0,0,2015-04-13 through 2015-04-19
10998,7,2,2015,9,1,0,1,0,0,0,2015-01-05 through 2015-01-11
11078,7,3,2015,12,1,0,1,0,0,0,2015-01-12 through 2015-01-18
11156,7,4,2015,10,1,0,2,0,0,0,2015-01-19 through 2015-01-25
11199,7,5,2015,14,2,0,3,0,0,1,2015-01-26 through 2015-02-01
11288,7,6,2015,22,4,0,4,0,0,1,2015-02-02 through 2015-02-08
11374,7,7,2015,18,2,0,4,0,0,0,2015-02-09 through 2015-02-15
11451,7,8,2015,12,2,0,2,0,0,0,2015-02-16 through 2015-02-22
11524,7,9,2015,11,1,0,2,0,0,0,2015-02-23 through 2015-03-01
