row_number,precinct,week,year,all_collisions,injury_collisions,fatal_collisions,injures,fatalities,cyclists_involved,pedestrians_involved,label
58,68,1,2012,6,0,0,0,0,0,0,2012-12-31 through 2013-01-06
127,68,26,2012,7,2,0,2,0,0,1,2012-06-25 through 2012-07-01
205,68,27,2012,56,18,0,32,0,5,2,2012-07-02 through 2012-07-08
250,68,28,2012,34,5,0,8,0,0,3,2012-07-09 through 2012-07-15
355,68,29,2012,28,12,0,17,0,2,2,2012-07-16 through 2012-07-22
422,68,30,2012,45,7,0,8,0,0,3,2012-07-23 through 2012-07-29
499,68,31,2012,42,7,0,14,0,0,0,2012-07-30 through 2012-08-05
580,68,32,2012,38,7,0,10,0,0,3,2012-08-06 through 2012-08-12
653,68,33,2012,28,7,0,7,0,0,1,2012-08-13 through 2012-08-19
754,68,34,2012,40,11,0,18,0,1,1,2012-08-20 through 2012-08-26
815,68,35,2012,36,8,0,9,0,2,1,2012-08-27 through 2012-09-02
896,68,36,2012,43,9,0,12,0,1,3,2012-09-03 through 2012-09-09
953,68,37,2012,46,9,0,11,0,1,3,2012-09-10 through 2012-09-16
1062,68,38,2012,36,7,0,7,0,1,1,2012-09-17 through 2012-09-23
1139,68,39,2012,45,8,1,8,1,2,2,2012-09-24 through 2012-09-30
1178,68,40,2012,37,3,0,3,0,0,2,2012-10-01 through 2012-10-07
1229,68,41,2012,43,6,0,8,0,0,2,2012-10-08 through 2012-10-14
1322,68,42,2012,39,9,0,13,0,0,4,2012-10-15 through 2012-10-21
1441,68,43,2012,37,8,0,13,0,1,2,2012-10-22 through 2012-10-28
1470,68,44,2012,37,5,0,10,0,0,6,2012-10-29 through 2012-11-04
1591,68,45,2012,48,9,0,11,0,0,5,2012-11-05 through 2012-11-11
1636,68,46,2012,41,8,0,15,0,0,1,2012-11-12 through 2012-11-18
1719,68,47,2012,45,9,0,17,0,1,2,2012-11-19 through 2012-11-25
1790,68,48,2012,44,10,1,10,1,1,5,2012-11-26 through 2012-12-02
1865,68,49,2012,48,14,0,15,0,0,7,2012-12-03 through 2012-12-09
1966,68,50,2012,63,14,0,24,0,1,6,2012-12-10 through 2012-12-16
2021,68,51,2012,72,13,0,16,0,2,5,2012-12-17 through 2012-12-23
2122,68,52,2012,38,7,0,8,0,0,4,2012-12-24 through 2012-12-30
2217,68,1,2013,38,4,0,6,0,0,0,2012-12-31 through 2013-01-06
2221,68,1,2013,11,0,0,0,0,0,0,2013-12-30 through 2014-01-05
2343,68,10,2013,41,5,0,7,0,0,0,2013-03-04 through 2013-03-10
2420,68,11,2013,40,9,0,16,0,0,4,2013-03-11 through 2013-03-17
2465,68,12,2013,37,9,0,14,0,0,4,2013-03-18 through 2013-03-24
2560,68,13,2013,31,5,0,12,0,0,0,2013-03-25 through 2013-03-31
2613,68,14,2013,40,8,1,10,1,1,3,2013-04-01 through 2013-04-07
2740,68,15,2013,38,7,0,9,0,0,3,2013-04-08 through 2013-04-14
2767,68,16,2013,47,7,0,10,0,1,0,2013-04-15 through 2013-04-21
2904,68,17,2013,37,6,0,10,0,0,2,2013-04-22 through 2013-04-28
2975,68,18,2013,42,5,0,8,0,0,2,2013-04-29 through 2013-05-05
3020,68,19,2013,38,8,0,9,0,0,5,2013-05-06 through 2013-05-12
3137,68,2,2013,57,13,0,15,0,0,5,2013-01-07 through 2013-01-13
3176,68,20,2013,42,7,0,9,0,1,2,2013-05-13 through 2013-05-19
3269,68,21,2013,54,13,0,15,0,2,2,2013-05-20 through 2013-05-26
3350,68,22,2013,53,7,0,10,0,0,0,2013-05-27 through 2013-06-02
3389,68,23,2013,54,17,0,19,0,6,2,2013-06-03 through 2013-06-09
3490,68,24,2013,36,8,0,8,0,1,2,2013-06-10 through 2013-06-16
3549,68,25,2013,54,11,0,20,0,2,3,2013-06-17 through 2013-06-23
3616,68,26,2013,45,11,0,21,0,1,3,2013-06-24 through 2013-06-30
3713,68,27,2013,50,7,0,9,0,1,1,2013-07-01 through 2013-07-07
3812,68,28,2013,41,5,0,5,0,1,3,2013-07-08 through 2013-07-14
3883,68,29,2013,39,8,0,12,0,0,1,2013-07-15 through 2013-07-21
3966,68,3,2013,43,10,1,11,1,0,7,2013-01-14 through 2013-01-20
4015,68,30,2013,29,8,0,9,0,1,2,2013-07-22 through 2013-07-28
4090,68,31,2013,38,8,0,12,0,1,1,2013-07-29 through 2013-08-04
4191,68,32,2013,39,8,0,15,0,0,1,2013-08-05 through 2013-08-11
4236,68,33,2013,44,13,0,16,0,1,2,2013-08-12 through 2013-08-18
4341,68,34,2013,38,4,0,5,0,0,2,2013-08-19 through 2013-08-25
4428,68,35,2013,30,7,0,7,0,2,1,2013-08-26 through 2013-09-01
4473,68,36,2013,35,11,0,14,0,3,3,2013-09-02 through 2013-09-08
4574,68,37,2013,38,9,0,11,0,1,2,2013-09-09 through 2013-09-15
4657,68,38,2013,43,4,2,4,2,1,1,2013-09-16 through 2013-09-22
4698,68,39,2013,43,9,0,11,0,2,1,2013-09-23 through 2013-09-29
4785,68,4,2013,36,5,0,6,0,0,0,2013-01-21 through 2013-01-27
4874,68,40,2013,47,12,0,14,0,0,5,2013-09-30 through 2013-10-06
4945,68,41,2013,43,9,0,11,0,2,1,2013-10-07 through 2013-10-13
5002,68,42,2013,37,11,0,13,0,0,3,2013-10-14 through 2013-10-20
5107,68,43,2013,39,10,0,15,0,1,1,2013-10-21 through 2013-10-27
5164,68,44,2013,37,8,0,11,0,0,1,2013-10-28 through 2013-11-03
5245,68,45,2013,45,11,0,16,0,1,2,2013-11-04 through 2013-11-10
5344,68,46,2013,39,7,0,12,0,0,2,2013-11-11 through 2013-11-17
5397,68,47,2013,41,7,0,12,0,0,1,2013-11-18 through 2013-11-24
5470,68,48,2013,49,9,0,10,0,0,5,2013-11-25 through 2013-12-01
5571,68,49,2013,51,10,0,12,0,1,4,2013-12-02 through 2013-12-08
5650,68,5,2013,49,7,0,7,0,2,2,2013-01-28 through 2013-02-03
5717,68,50,2013,52,11,0,12,0,0,4,2013-12-09 through 2013-12-15
5776,68,51,2013,51,8,0,15,0,0,1,2013-12-16 through 2013-12-22
5881,68,52,2013,44,8,0,9,0,0,4,2013-12-23 through 2013-12-29
5944,68,6,2013,43,10,0,12,0,0,5,2013-02-04 through 2013-02-10
6021,68,7,2013,36,3,0,3,0,0,0,2013-02-11 through 2013-02-17
6100,68,8,2013,38,9,0,14,0,1,4,2013-02-18 through 2013-02-24
6223,68,9,2013,34,11,0,17,0,0,5,2013-02-25 through 2013-03-03
6312,68,1,2014,36,5,1,9,1,0,2,2013-12-30 through 2014-01-05
6313,68,1,2014,11,4,0,6,0,0,0,2014-12-29 through 2015-01-04
6428,68,10,2014,32,13,0,14,0,2,4,2014-03-03 through 2014-03-09
6526,68,11,2014,44,8,0,13,0,0,1,2014-03-10 through 2014-03-16
6591,68,12,2014,40,10,0,12,0,1,5,2014-03-17 through 2014-03-23
6620,68,13,2014,33,6,0,6,0,1,1,2014-03-24 through 2014-03-30
6753,68,14,2014,30,7,0,8,0,0,5,2014-03-31 through 2014-04-06
6837,68,15,2014,68,14,0,20,0,0,7,2014-04-07 through 2014-04-13
6905,68,16,2014,42,8,0,9,0,0,4,2014-04-14 through 2014-04-20
6994,68,17,2014,46,10,0,12,0,2,3,2014-04-21 through 2014-04-27
7064,68,18,2014,47,7,0,9,0,0,2,2014-04-28 through 2014-05-04
7151,68,19,2014,64,15,0,19,0,3,2,2014-05-05 through 2014-05-11
7228,68,2,2014,34,6,0,6,0,0,3,2014-01-06 through 2014-01-12
7298,68,20,2014,45,8,0,16,0,2,3,2014-05-12 through 2014-05-18
7323,68,21,2014,39,10,0,12,0,0,1,2014-05-19 through 2014-05-25
7400,68,22,2014,38,7,0,8,0,0,4,2014-05-26 through 2014-06-01
7479,68,23,2014,56,11,0,20,0,0,3,2014-06-02 through 2014-06-08
7565,68,24,2014,52,12,0,19,0,0,3,2014-06-09 through 2014-06-15
7644,68,25,2014,58,11,0,13,0,1,1,2014-06-16 through 2014-06-22
7725,68,26,2014,41,6,0,6,0,0,2,2014-06-23 through 2014-06-29
7843,68,27,2014,46,11,0,15,0,1,4,2014-06-30 through 2014-07-06
7880,68,28,2014,37,9,0,10,0,1,3,2014-07-07 through 2014-07-13
7969,68,29,2014,43,8,0,13,0,0,2,2014-07-14 through 2014-07-20
8040,68,3,2014,46,11,0,17,0,0,2,2014-01-13 through 2014-01-19
8127,68,30,2014,39,6,0,7,0,1,0,2014-07-21 through 2014-07-27
8205,68,31,2014,47,14,0,21,0,1,1,2014-07-28 through 2014-08-03
8282,68,32,2014,44,9,0,17,0,2,0,2014-08-04 through 2014-08-10
8345,68,33,2014,36,7,0,11,0,0,2,2014-08-11 through 2014-08-17
8443,68,34,2014,31,5,0,9,0,1,1,2014-08-18 through 2014-08-24
8525,68,35,2014,42,10,0,13,0,1,2,2014-08-25 through 2014-08-31
8607,68,36,2014,51,5,1,9,1,0,0,2014-09-01 through 2014-09-07
8681,68,37,2014,32,7,0,8,0,0,1,2014-09-08 through 2014-09-14
8766,68,38,2014,50,12,0,16,0,1,3,2014-09-15 through 2014-09-21
8846,68,39,2014,51,10,0,11,0,1,4,2014-09-22 through 2014-09-28
8917,68,4,2014,71,6,0,7,0,1,1,2014-01-20 through 2014-01-26
8933,68,40,2014,44,9,0,16,0,0,2,2014-09-29 through 2014-10-05
9018,68,41,2014,51,16,0,17,0,2,4,2014-10-06 through 2014-10-12
9086,68,42,2014,41,8,0,9,0,0,3,2014-10-13 through 2014-10-19
9182,68,43,2014,52,18,0,26,0,3,5,2014-10-20 through 2014-10-26
9267,68,44,2014,54,7,0,12,0,0,5,2014-10-27 through 2014-11-02
9316,68,45,2014,56,11,0,16,0,0,3,2014-11-03 through 2014-11-09
9393,68,46,2014,50,10,0,14,0,0,2,2014-11-10 through 2014-11-16
9503,68,47,2014,35,5,0,6,0,1,3,2014-11-17 through 2014-11-23
9576,68,48,2014,42,7,0,7,0,1,1,2014-11-24 through 2014-11-30
9659,68,49,2014,50,5,0,7,0,0,3,2014-12-01 through 2014-12-07
9746,68,5,2014,47,9,0,10,0,1,4,2014-01-27 through 2014-02-02
9815,68,50,2014,57,11,0,15,0,0,1,2014-12-08 through 2014-12-14
9898,68,51,2014,49,13,1,14,1,2,3,2014-12-15 through 2014-12-21
9977,68,52,2014,37,6,0,6,0,0,4,2014-12-22 through 2014-12-28
10060,68,6,2014,63,6,0,6,0,0,1,2014-02-03 through 2014-02-09
10133,68,7,2014,57,4,1,6,1,0,3,2014-02-10 through 2014-02-16
10222,68,8,2014,29,6,0,7,0,0,1,2014-02-17 through 2014-02-23
10300,68,9,2014,40,2,0,3,0,0,0,2014-02-24 through 2014-03-02
10349,68,1,2015,16,3,0,4,0,0,1,2014-12-29 through 2015-01-04
10434,68,10,2015,53,7,0,13,0,0,1,2015-03-02 through 2015-03-08
10508,68,11,2015,53,12,0,13,0,2,6,2015-03-09 through 2015-03-15
10580,68,12,2015,35,4,0,5,0,0,0,2015-03-16 through 2015-03-22
10676,68,13,2015,39,4,0,5,0,0,1,2015-03-23 through 2015-03-29
10752,68,14,2015,26,4,0,4,0,1,1,2015-03-30 through 2015-04-05
10833,68,15,2015,40,4,0,4,0,1,1,2015-04-06 through 2015-04-12
10914,68,16,2015,15,1,0,1,0,0,0,2015-04-13 through 2015-04-19
11002,68,2,2015,42,5,0,9,0,0,1,2015-01-05 through 2015-01-11
11037,68,3,2015,49,11,0,14,0,1,3,2015-01-12 through 2015-01-18
11134,68,4,2015,50,4,0,6,0,0,1,2015-01-19 through 2015-01-25
11207,68,5,2015,42,2,0,3,0,0,0,2015-01-26 through 2015-02-01
11291,68,6,2015,53,6,0,8,0,0,0,2015-02-02 through 2015-02-08
11373,68,7,2015,39,5,0,6,0,0,2,2015-02-09 through 2015-02-15
11455,68,8,2015,57,6,0,6,0,0,2,2015-02-16 through 2015-02-22
11540,68,9,2015,38,9,1,12,1,0,3,2015-02-23 through 2015-03-01
