row_number,precinct,week,year,all_collisions,injury_collisions,fatal_collisions,injures,fatalities,cyclists_involved,pedestrians_involved,label
1,1,1,2012,2,0,0,0,0,0,0,2012-12-31 through 2013-01-06
141,1,26,2012,7,0,0,0,0,0,0,2012-06-25 through 2012-07-01
204,1,27,2012,61,9,0,11,0,4,5,2012-07-02 through 2012-07-08
293,1,28,2012,60,10,0,11,0,2,5,2012-07-09 through 2012-07-15
378,1,29,2012,67,9,0,13,0,2,2,2012-07-16 through 2012-07-22
399,1,30,2012,56,7,0,10,0,0,3,2012-07-23 through 2012-07-29
476,1,31,2012,48,5,0,5,0,0,4,2012-07-30 through 2012-08-05
539,1,32,2012,59,9,0,10,0,5,3,2012-08-06 through 2012-08-12
630,1,33,2012,46,2,0,2,0,1,1,2012-08-13 through 2012-08-19
711,1,34,2012,52,6,1,11,1,0,6,2012-08-20 through 2012-08-26
788,1,35,2012,54,9,0,12,0,3,3,2012-08-27 through 2012-09-02
871,1,36,2012,49,7,0,8,0,0,7,2012-09-03 through 2012-09-09
952,1,37,2012,74,11,0,14,0,2,4,2012-09-10 through 2012-09-16
1037,1,38,2012,44,7,0,10,0,2,2,2012-09-17 through 2012-09-23
1112,1,39,2012,51,9,0,10,0,2,2,2012-09-24 through 2012-09-30
1203,1,40,2012,65,11,0,14,0,3,5,2012-10-01 through 2012-10-07
1286,1,41,2012,62,6,0,6,0,1,2,2012-10-08 through 2012-10-14
1365,1,42,2012,53,5,0,5,0,1,1,2012-10-15 through 2012-10-21
1444,1,43,2012,54,1,0,2,0,0,0,2012-10-22 through 2012-10-28
1525,1,44,2012,9,3,0,5,0,1,0,2012-10-29 through 2012-11-04
1606,1,45,2012,50,6,0,10,0,0,4,2012-11-05 through 2012-11-11
1683,1,46,2012,60,7,0,8,0,1,2,2012-11-12 through 2012-11-18
1761,1,47,2012,38,2,0,3,0,0,0,2012-11-19 through 2012-11-25
1840,1,48,2012,51,6,0,6,0,1,5,2012-11-26 through 2012-12-02
1917,1,49,2012,42,7,0,8,0,1,5,2012-12-03 through 2012-12-09
1921,1,50,2012,59,9,0,9,0,1,5,2012-12-10 through 2012-12-16
2004,1,51,2012,59,8,0,10,0,1,4,2012-12-17 through 2012-12-23
2083,1,52,2012,24,2,0,2,0,1,1,2012-12-24 through 2012-12-30
2168,1,1,2013,29,4,0,12,0,0,1,2012-12-31 through 2013-01-06
2286,1,1,2013,6,1,0,1,0,0,1,2013-12-30 through 2014-01-05
2377,1,10,2013,49,9,0,10,0,1,5,2013-03-04 through 2013-03-10
2425,1,11,2013,60,5,0,6,0,2,3,2013-03-11 through 2013-03-17
2522,1,12,2013,41,5,0,7,0,0,3,2013-03-18 through 2013-03-24
2537,1,13,2013,63,9,0,12,0,1,4,2013-03-25 through 2013-03-31
2632,1,14,2013,45,8,0,11,0,5,0,2013-04-01 through 2013-04-07
2739,1,15,2013,59,9,0,10,0,3,2,2013-04-08 through 2013-04-14
2826,1,16,2013,52,6,0,9,0,2,2,2013-04-15 through 2013-04-21
2916,1,17,2013,48,9,0,11,0,2,4,2013-04-22 through 2013-04-28
2994,1,18,2013,62,6,0,6,0,0,2,2013-04-29 through 2013-05-05
2999,1,19,2013,64,7,0,7,0,2,4,2013-05-06 through 2013-05-12
3084,1,2,2013,32,4,0,4,0,0,4,2013-01-07 through 2013-01-13
3169,1,20,2013,50,7,0,7,0,1,3,2013-05-13 through 2013-05-19
3250,1,21,2013,65,6,0,7,0,1,3,2013-05-20 through 2013-05-26
3339,1,22,2013,46,7,0,7,0,2,2,2013-05-27 through 2013-06-02
3422,1,23,2013,56,4,0,4,0,1,3,2013-06-03 through 2013-06-09
3509,1,24,2013,52,5,0,5,0,1,4,2013-06-10 through 2013-06-16
3594,1,25,2013,65,4,0,4,0,2,1,2013-06-17 through 2013-06-23
3678,1,26,2013,53,5,0,5,0,0,3,2013-06-24 through 2013-06-30
3758,1,27,2013,63,7,0,11,0,0,4,2013-07-01 through 2013-07-07
3835,1,28,2013,49,6,0,9,0,2,2,2013-07-08 through 2013-07-14
3915,1,29,2013,71,4,0,5,0,2,1,2013-07-15 through 2013-07-21
3994,1,3,2013,44,9,0,11,0,0,5,2013-01-14 through 2013-01-20
4004,1,30,2013,68,9,0,9,0,3,3,2013-07-22 through 2013-07-28
4085,1,31,2013,60,6,0,8,0,0,3,2013-07-29 through 2013-08-04
4172,1,32,2013,57,10,0,12,0,4,3,2013-08-05 through 2013-08-11
4251,1,33,2013,58,8,0,8,0,1,3,2013-08-12 through 2013-08-18
4334,1,34,2013,52,13,1,15,1,1,11,2013-08-19 through 2013-08-25
4427,1,35,2013,52,5,0,7,0,0,2,2013-08-26 through 2013-09-01
4482,1,36,2013,44,3,0,5,0,0,1,2013-09-02 through 2013-09-08
4581,1,37,2013,51,4,0,4,0,1,1,2013-09-09 through 2013-09-15
4665,1,38,2013,52,9,0,11,0,0,7,2013-09-16 through 2013-09-22
4743,1,39,2013,60,9,0,12,0,1,6,2013-09-23 through 2013-09-29
4823,1,4,2013,56,5,0,6,0,0,5,2013-01-21 through 2013-01-27
4901,1,40,2013,54,8,0,10,0,1,6,2013-09-30 through 2013-10-06
4986,1,41,2013,47,5,0,5,0,0,4,2013-10-07 through 2013-10-13
5064,1,42,2013,46,5,0,5,0,1,4,2013-10-14 through 2013-10-20
5142,1,43,2013,50,9,0,11,0,1,5,2013-10-21 through 2013-10-27
5219,1,44,2013,65,6,0,6,0,0,4,2013-10-28 through 2013-11-03
5297,1,45,2013,43,5,0,5,0,1,2,2013-11-04 through 2013-11-10
5377,1,46,2013,55,5,0,5,0,0,5,2013-11-11 through 2013-11-17
5455,1,47,2013,52,7,1,8,1,0,7,2013-11-18 through 2013-11-24
5534,1,48,2013,58,4,0,7,0,1,1,2013-11-25 through 2013-12-01
5614,1,49,2013,46,3,0,4,0,0,0,2013-12-02 through 2013-12-08
5692,1,5,2013,43,9,0,9,0,0,6,2013-01-28 through 2013-02-03
5704,1,50,2013,49,6,0,8,0,0,3,2013-12-09 through 2013-12-15
5779,1,51,2013,62,5,0,6,0,1,3,2013-12-16 through 2013-12-22
5860,1,52,2013,29,4,0,4,0,0,3,2013-12-23 through 2013-12-29
5935,1,6,2013,45,7,0,7,0,0,4,2013-02-04 through 2013-02-10
6014,1,7,2013,49,6,0,6,0,0,3,2013-02-11 through 2013-02-17
6095,1,8,2013,49,11,0,11,0,1,4,2013-02-18 through 2013-02-24
6178,1,9,2013,51,6,0,7,0,1,3,2013-02-25 through 2013-03-03
6273,1,1,2014,9,0,0,0,0,0,0,2013-12-30 through 2014-01-05
6320,1,1,2014,19,0,0,0,0,0,0,2014-12-29 through 2015-01-04
6389,1,10,2014,44,6,0,7,0,2,3,2014-03-03 through 2014-03-09
6533,1,11,2014,40,4,0,4,0,2,2,2014-03-10 through 2014-03-16
6601,1,12,2014,56,5,0,5,0,0,5,2014-03-17 through 2014-03-23
6630,1,13,2014,46,7,0,7,0,0,3,2014-03-24 through 2014-03-30
6758,1,14,2014,48,4,0,6,0,1,0,2014-03-31 through 2014-04-06
6799,1,15,2014,63,12,0,13,0,2,5,2014-04-07 through 2014-04-13
6909,1,16,2014,40,5,0,5,0,1,1,2014-04-14 through 2014-04-20
6990,1,17,2014,47,3,0,3,0,0,3,2014-04-21 through 2014-04-27
7077,1,18,2014,54,9,0,10,0,1,1,2014-04-28 through 2014-05-04
7088,1,19,2014,52,4,0,6,0,0,2,2014-05-05 through 2014-05-11
7175,1,2,2014,40,6,0,9,0,0,5,2014-01-06 through 2014-01-12
7271,1,20,2014,64,9,0,12,0,1,4,2014-05-12 through 2014-05-18
7376,1,21,2014,50,5,0,6,0,1,3,2014-05-19 through 2014-05-25
7430,1,22,2014,43,0,0,0,0,0,0,2014-05-26 through 2014-06-01
7499,1,23,2014,70,9,0,17,0,1,2,2014-06-02 through 2014-06-08
7583,1,24,2014,57,5,0,5,0,0,4,2014-06-09 through 2014-06-15
7671,1,25,2014,70,16,0,20,0,2,8,2014-06-16 through 2014-06-22
7751,1,26,2014,67,6,0,6,0,2,3,2014-06-23 through 2014-06-29
7832,1,27,2014,40,1,0,1,0,1,0,2014-06-30 through 2014-07-06
7913,1,28,2014,48,5,0,5,0,0,2,2014-07-07 through 2014-07-13
7997,1,29,2014,48,9,0,11,0,4,0,2014-07-14 through 2014-07-20
8074,1,3,2014,50,3,0,4,0,1,1,2014-01-13 through 2014-01-19
8087,1,30,2014,62,9,0,9,0,1,5,2014-07-21 through 2014-07-27
8173,1,31,2014,50,6,0,6,0,3,1,2014-07-28 through 2014-08-03
8253,1,32,2014,84,6,0,6,0,4,1,2014-08-04 through 2014-08-10
8336,1,33,2014,62,12,0,14,0,4,2,2014-08-11 through 2014-08-17
8419,1,34,2014,49,2,0,2,0,0,2,2014-08-18 through 2014-08-24
8502,1,35,2014,55,9,0,11,0,3,2,2014-08-25 through 2014-08-31
8561,1,36,2014,50,4,0,5,0,0,3,2014-09-01 through 2014-09-07
8667,1,37,2014,71,10,0,12,0,3,3,2014-09-08 through 2014-09-14
8738,1,38,2014,71,5,0,5,0,3,0,2014-09-15 through 2014-09-21
8809,1,39,2014,63,9,0,9,0,3,4,2014-09-22 through 2014-09-28
8913,1,4,2014,45,6,0,7,0,0,4,2014-01-20 through 2014-01-26
8971,1,40,2014,51,9,0,10,0,3,2,2014-09-29 through 2014-10-05
9056,1,41,2014,52,4,0,4,0,1,3,2014-10-06 through 2014-10-12
9135,1,42,2014,52,10,0,14,0,2,5,2014-10-13 through 2014-10-19
9213,1,43,2014,47,7,0,8,0,1,4,2014-10-20 through 2014-10-26
9298,1,44,2014,54,7,0,8,0,2,3,2014-10-27 through 2014-11-02
9376,1,45,2014,45,6,0,6,0,0,4,2014-11-03 through 2014-11-09
9455,1,46,2014,44,4,0,4,0,0,0,2014-11-10 through 2014-11-16
9539,1,47,2014,44,4,0,5,0,1,2,2014-11-17 through 2014-11-23
9614,1,48,2014,38,5,0,6,0,0,1,2014-11-24 through 2014-11-30
9695,1,49,2014,57,7,0,8,0,2,3,2014-12-01 through 2014-12-07
9697,1,5,2014,41,6,0,6,0,1,3,2014-01-27 through 2014-02-02
9781,1,50,2014,44,4,0,4,0,2,0,2014-12-08 through 2014-12-14
9857,1,51,2014,51,8,0,8,0,2,3,2014-12-15 through 2014-12-21
9937,1,52,2014,36,8,0,9,0,5,1,2014-12-22 through 2014-12-28
10016,1,6,2014,66,11,0,12,0,0,8,2014-02-03 through 2014-02-09
10095,1,7,2014,52,8,0,9,0,1,3,2014-02-10 through 2014-02-16
10174,1,8,2014,47,8,0,9,0,1,5,2014-02-17 through 2014-02-23
10255,1,9,2014,49,3,0,4,0,0,4,2014-02-24 through 2014-03-02
10361,1,1,2015,12,0,0,0,0,0,0,2014-12-29 through 2015-01-04
10414,1,10,2015,52,3,0,3,0,0,0,2015-03-02 through 2015-03-08
10514,1,11,2015,58,6,0,7,0,0,4,2015-03-09 through 2015-03-15
10612,1,12,2015,49,4,0,7,0,0,2,2015-03-16 through 2015-03-22
10643,1,13,2015,47,4,0,8,0,0,1,2015-03-23 through 2015-03-29
10729,1,14,2015,60,1,0,1,0,0,1,2015-03-30 through 2015-04-05
10809,1,15,2015,41,4,0,5,0,0,3,2015-04-06 through 2015-04-12
10902,1,16,2015,18,2,0,2,0,0,2,2015-04-13 through 2015-04-19
10946,1,2,2015,37,4,0,6,0,2,2,2015-01-05 through 2015-01-11
11082,1,3,2015,54,2,0,2,0,0,2,2015-01-12 through 2015-01-18
11113,1,4,2015,32,8,0,8,0,0,4,2015-01-19 through 2015-01-25
11161,1,5,2015,34,1,0,1,0,0,0,2015-01-26 through 2015-02-01
11251,1,6,2015,34,5,0,6,0,0,2,2015-02-02 through 2015-02-08
11324,1,7,2015,45,5,0,5,0,2,3,2015-02-09 through 2015-02-15
11400,1,8,2015,53,9,0,11,0,1,6,2015-02-16 through 2015-02-22
11493,1,9,2015,37,5,0,5,0,2,2,2015-02-23 through 2015-03-01
