row_number,precinct,week,year,all_collisions,injury_collisions,fatal_collisions,injures,fatalities,cyclists_involved,pedestrians_involved,label
49,40,1,2012,1,0,0,0,0,0,0,2012-12-31 through 2013-01-06
116,40,26,2012,3,0,0,0,0,0,0,2012-06-25 through 2012-07-01
190,40,27,2012,40,12,0,16,0,0,6,2012-07-02 through 2012-07-08
269,40,28,2012,42,10,0,16,0,0,1,2012-07-09 through 2012-07-15
346,40,29,2012,23,4,0,5,0,0,3,2012-07-16 through 2012-07-22
425,40,30,2012,32,9,0,12,0,2,3,2012-07-23 through 2012-07-29
502,40,31,2012,49,7,0,30,0,0,1,2012-07-30 through 2012-08-05
579,40,32,2012,30,7,0,12,0,1,1,2012-08-06 through 2012-08-12
656,40,33,2012,35,9,0,9,0,2,1,2012-08-13 through 2012-08-19
733,40,34,2012,23,9,0,14,0,1,3,2012-08-20 through 2012-08-26
810,40,35,2012,29,11,0,13,0,1,5,2012-08-27 through 2012-09-02
887,40,36,2012,35,16,0,21,0,0,6,2012-09-03 through 2012-09-09
964,40,37,2012,36,7,0,10,0,0,3,2012-09-10 through 2012-09-16
1041,40,38,2012,34,10,1,11,1,2,0,2012-09-17 through 2012-09-23
1116,40,39,2012,31,9,0,17,0,0,3,2012-09-24 through 2012-09-30
1193,40,40,2012,38,10,0,15,0,1,1,2012-10-01 through 2012-10-07
1270,40,41,2012,31,6,0,6,0,2,2,2012-10-08 through 2012-10-14
1347,40,42,2012,32,6,0,8,0,0,1,2012-10-15 through 2012-10-21
1426,40,43,2012,31,5,0,8,0,0,0,2012-10-22 through 2012-10-28
1503,40,44,2012,24,4,0,7,0,0,0,2012-10-29 through 2012-11-04
1580,40,45,2012,40,7,0,7,0,0,4,2012-11-05 through 2012-11-11
1657,40,46,2012,32,5,0,13,0,0,3,2012-11-12 through 2012-11-18
1734,40,47,2012,23,5,0,5,0,0,3,2012-11-19 through 2012-11-25
1811,40,48,2012,30,5,0,6,0,0,2,2012-11-26 through 2012-12-02
1888,40,49,2012,35,13,0,16,0,0,6,2012-12-03 through 2012-12-09
1969,40,50,2012,30,8,1,10,1,1,4,2012-12-10 through 2012-12-16
2044,40,51,2012,30,10,0,16,0,0,3,2012-12-17 through 2012-12-23
2121,40,52,2012,30,8,0,9,0,3,2,2012-12-24 through 2012-12-30
2240,40,1,2013,29,7,1,11,1,0,2,2012-12-31 through 2013-01-06
2242,40,1,2013,10,2,0,2,0,1,1,2013-12-30 through 2014-01-05
2350,40,10,2013,40,11,0,13,0,0,6,2013-03-04 through 2013-03-10
2429,40,11,2013,37,5,0,6,0,0,3,2013-03-11 through 2013-03-17
2504,40,12,2013,38,5,0,9,0,0,2,2013-03-18 through 2013-03-24
2583,40,13,2013,28,6,0,11,0,0,2,2013-03-25 through 2013-03-31
2662,40,14,2013,37,10,0,15,0,0,9,2013-04-01 through 2013-04-07
2735,40,15,2013,30,4,0,5,0,1,2,2013-04-08 through 2013-04-14
2812,40,16,2013,36,8,0,10,0,1,0,2013-04-15 through 2013-04-21
2889,40,17,2013,31,4,0,6,0,0,3,2013-04-22 through 2013-04-28
2966,40,18,2013,39,10,0,23,0,0,6,2013-04-29 through 2013-05-05
3043,40,19,2013,34,9,0,12,0,0,3,2013-05-06 through 2013-05-12
3122,40,2,2013,23,9,0,9,0,0,7,2013-01-07 through 2013-01-13
3199,40,20,2013,38,9,0,21,0,0,3,2013-05-13 through 2013-05-19
3276,40,21,2013,34,4,0,4,0,1,2,2013-05-20 through 2013-05-26
3353,40,22,2013,43,9,0,15,0,0,1,2013-05-27 through 2013-06-02
3434,40,23,2013,39,16,0,18,0,1,7,2013-06-03 through 2013-06-09
3511,40,24,2013,42,12,0,14,0,1,2,2013-06-10 through 2013-06-16
3588,40,25,2013,35,11,0,12,0,1,5,2013-06-17 through 2013-06-23
3661,40,26,2013,40,7,0,9,0,1,3,2013-06-24 through 2013-06-30
3742,40,27,2013,37,8,0,12,0,0,3,2013-07-01 through 2013-07-07
3821,40,28,2013,34,11,0,13,0,1,3,2013-07-08 through 2013-07-14
3894,40,29,2013,35,9,0,12,0,0,5,2013-07-15 through 2013-07-21
3969,40,3,2013,28,8,0,11,0,0,4,2013-01-14 through 2013-01-20
4055,40,30,2013,35,9,0,13,0,0,4,2013-07-22 through 2013-07-28
4125,40,31,2013,35,10,0,12,0,1,6,2013-07-29 through 2013-08-04
4208,40,32,2013,33,8,0,11,0,0,2,2013-08-05 through 2013-08-11
4285,40,33,2013,38,13,0,18,0,1,6,2013-08-12 through 2013-08-18
4361,40,34,2013,35,7,0,10,0,0,2,2013-08-19 through 2013-08-25
4439,40,35,2013,32,6,0,7,0,0,4,2013-08-26 through 2013-09-01
4515,40,36,2013,22,6,0,12,0,0,2,2013-09-02 through 2013-09-08
4589,40,37,2013,39,11,0,15,0,2,4,2013-09-09 through 2013-09-15
4667,40,38,2013,37,3,0,4,0,1,0,2013-09-16 through 2013-09-22
4742,40,39,2013,43,13,0,16,0,2,7,2013-09-23 through 2013-09-29
4819,40,4,2013,27,5,0,9,0,0,3,2013-01-21 through 2013-01-27
4895,40,40,2013,28,7,0,7,0,0,4,2013-09-30 through 2013-10-06
4964,40,41,2013,40,11,0,19,0,0,2,2013-10-07 through 2013-10-13
5053,40,42,2013,25,4,0,5,0,0,3,2013-10-14 through 2013-10-20
5153,40,43,2013,31,5,0,6,0,0,1,2013-10-21 through 2013-10-27
5204,40,44,2013,34,8,0,10,0,1,3,2013-10-28 through 2013-11-03
5268,40,45,2013,38,11,1,24,1,1,3,2013-11-04 through 2013-11-10
5359,40,46,2013,39,11,0,14,0,1,3,2013-11-11 through 2013-11-17
5418,40,47,2013,33,5,0,7,0,0,1,2013-11-18 through 2013-11-24
5515,40,48,2013,34,7,0,7,0,0,3,2013-11-25 through 2013-12-01
5558,40,49,2013,30,4,0,4,0,0,2,2013-12-02 through 2013-12-08
5667,40,5,2013,27,5,0,11,0,0,5,2013-01-28 through 2013-02-03
5768,40,50,2013,35,6,0,8,0,0,3,2013-12-09 through 2013-12-15
5822,40,51,2013,40,12,0,18,0,1,6,2013-12-16 through 2013-12-22
5911,40,52,2013,20,6,0,8,0,0,2,2013-12-23 through 2013-12-29
5977,40,6,2013,37,7,0,14,0,0,2,2013-02-04 through 2013-02-10
6049,40,7,2013,37,11,0,13,0,0,4,2013-02-11 through 2013-02-17
6126,40,8,2013,40,7,0,8,0,0,6,2013-02-18 through 2013-02-24
6204,40,9,2013,47,13,0,26,0,0,5,2013-02-25 through 2013-03-03
6329,40,1,2014,13,2,0,4,0,0,0,2013-12-30 through 2014-01-05
6385,40,1,2014,12,2,0,5,0,0,0,2014-12-29 through 2015-01-04
6457,40,10,2014,29,6,0,8,0,0,4,2014-03-03 through 2014-03-09
6524,40,11,2014,27,2,0,2,0,0,2,2014-03-10 through 2014-03-16
6587,40,12,2014,24,7,0,7,0,1,3,2014-03-17 through 2014-03-23
6618,40,13,2014,36,9,0,10,0,1,3,2014-03-24 through 2014-03-30
6746,40,14,2014,29,2,0,3,0,0,0,2014-03-31 through 2014-04-06
6817,40,15,2014,41,6,0,6,0,0,4,2014-04-07 through 2014-04-13
6892,40,16,2014,40,12,0,18,0,3,3,2014-04-14 through 2014-04-20
6969,40,17,2014,34,7,0,13,0,0,6,2014-04-21 through 2014-04-27
7038,40,18,2014,36,12,0,14,0,0,5,2014-04-28 through 2014-05-04
7105,40,19,2014,34,11,0,19,0,2,1,2014-05-05 through 2014-05-11
7207,40,2,2014,34,7,0,10,0,0,4,2014-01-06 through 2014-01-12
7244,40,20,2014,38,9,0,10,0,0,6,2014-05-12 through 2014-05-18
7334,40,21,2014,27,5,0,6,0,0,2,2014-05-19 through 2014-05-25
7436,40,22,2014,37,13,0,20,0,0,4,2014-05-26 through 2014-06-01
7528,40,23,2014,25,5,0,8,0,1,1,2014-06-02 through 2014-06-08
7615,40,24,2014,32,6,0,10,0,0,1,2014-06-09 through 2014-06-15
7664,40,25,2014,38,11,0,17,0,0,2,2014-06-16 through 2014-06-22
7747,40,26,2014,37,12,0,18,0,1,1,2014-06-23 through 2014-06-29
7819,40,27,2014,44,12,0,21,0,1,4,2014-06-30 through 2014-07-06
7893,40,28,2014,30,9,0,9,0,0,2,2014-07-07 through 2014-07-13
7971,40,29,2014,28,7,0,8,0,0,3,2014-07-14 through 2014-07-20
8045,40,3,2014,34,7,0,8,0,0,2,2014-01-13 through 2014-01-19
8116,40,30,2014,32,9,0,13,0,2,4,2014-07-21 through 2014-07-27
8230,40,31,2014,27,9,0,11,0,2,3,2014-07-28 through 2014-08-03
8277,40,32,2014,28,4,0,4,0,0,2,2014-08-04 through 2014-08-10
8334,40,33,2014,31,9,0,16,0,3,0,2014-08-11 through 2014-08-17
8411,40,34,2014,31,10,0,15,0,2,2,2014-08-18 through 2014-08-24
8480,40,35,2014,34,9,0,11,0,1,4,2014-08-25 through 2014-08-31
8552,40,36,2014,38,4,0,7,0,0,0,2014-09-01 through 2014-09-07
8690,40,37,2014,31,3,0,3,0,0,2,2014-09-08 through 2014-09-14
8756,40,38,2014,37,12,0,15,0,3,3,2014-09-15 through 2014-09-21
8813,40,39,2014,37,10,0,14,0,1,3,2014-09-22 through 2014-09-28
8898,40,4,2014,23,3,0,3,0,0,2,2014-01-20 through 2014-01-26
8976,40,40,2014,36,5,1,6,1,0,1,2014-09-29 through 2014-10-05
9045,40,41,2014,42,10,0,13,0,4,1,2014-10-06 through 2014-10-12
9124,40,42,2014,40,9,0,12,0,1,1,2014-10-13 through 2014-10-19
9195,40,43,2014,26,4,0,4,0,0,0,2014-10-20 through 2014-10-26
9299,40,44,2014,46,9,0,11,0,1,3,2014-10-27 through 2014-11-02
9321,40,45,2014,38,7,0,13,0,1,1,2014-11-03 through 2014-11-09
9410,40,46,2014,29,10,0,16,0,3,1,2014-11-10 through 2014-11-16
9493,40,47,2014,32,4,0,5,0,0,2,2014-11-17 through 2014-11-23
9555,40,48,2014,29,8,0,12,0,0,2,2014-11-24 through 2014-11-30
9669,40,49,2014,38,6,0,9,0,1,2,2014-12-01 through 2014-12-07
9742,40,5,2014,42,9,0,12,0,1,3,2014-01-27 through 2014-02-02
9841,40,50,2014,38,6,0,7,0,0,5,2014-12-08 through 2014-12-14
9896,40,51,2014,37,8,0,9,0,0,5,2014-12-15 through 2014-12-21
9981,40,52,2014,27,5,0,7,0,0,1,2014-12-22 through 2014-12-28
10056,40,6,2014,32,1,0,1,0,0,1,2014-02-03 through 2014-02-09
10120,40,7,2014,51,9,0,11,0,0,6,2014-02-10 through 2014-02-16
10198,40,8,2014,25,2,0,2,0,0,0,2014-02-17 through 2014-02-23
10301,40,9,2014,37,11,0,19,0,0,4,2014-02-24 through 2014-03-02
10381,40,1,2015,18,3,0,3,0,0,1,2014-12-29 through 2015-01-04
10435,40,10,2015,47,5,0,5,0,0,2,2015-03-02 through 2015-03-08
10526,40,11,2015,39,6,0,10,0,0,1,2015-03-09 through 2015-03-15
10592,40,12,2015,40,6,0,8,0,0,3,2015-03-16 through 2015-03-22
10665,40,13,2015,43,7,0,18,0,0,0,2015-03-23 through 2015-03-29
10740,40,14,2015,31,10,0,14,0,2,1,2015-03-30 through 2015-04-05
10814,40,15,2015,45,9,0,13,0,2,0,2015-04-06 through 2015-04-12
10862,40,16,2015,9,1,0,1,0,0,0,2015-04-13 through 2015-04-19
10951,40,2,2015,34,8,0,14,0,0,1,2015-01-05 through 2015-01-11
11051,40,3,2015,36,8,0,13,0,0,2,2015-01-12 through 2015-01-18
11130,40,4,2015,31,4,0,6,0,0,1,2015-01-19 through 2015-01-25
11230,40,5,2015,28,4,0,6,0,1,3,2015-01-26 through 2015-02-01
11282,40,6,2015,45,5,0,5,0,0,3,2015-02-02 through 2015-02-08
11352,40,7,2015,28,5,0,6,0,0,3,2015-02-09 through 2015-02-15
11427,40,8,2015,40,4,0,4,0,1,1,2015-02-16 through 2015-02-22
11501,40,9,2015,29,5,0,6,0,0,2,2015-02-23 through 2015-03-01
