row_number,precinct,week,year,all_collisions,injury_collisions,fatal_collisions,injures,fatalities,cyclists_involved,pedestrians_involved,label
22,71,1,2012,4,1,0,1,0,0,0,2012-12-31 through 2013-01-06
115,71,26,2012,8,1,0,2,0,0,0,2012-06-25 through 2012-07-01
151,71,27,2012,37,17,1,22,1,4,5,2012-07-02 through 2012-07-08
226,71,28,2012,34,13,0,20,0,0,2,2012-07-09 through 2012-07-15
313,71,29,2012,34,10,0,12,0,1,4,2012-07-16 through 2012-07-22
400,71,30,2012,36,12,0,12,0,4,5,2012-07-23 through 2012-07-29
469,71,31,2012,30,7,0,9,0,1,2,2012-07-30 through 2012-08-05
534,71,32,2012,29,9,0,11,0,2,2,2012-08-06 through 2012-08-12
637,71,33,2012,46,11,0,13,0,3,4,2012-08-13 through 2012-08-19
712,71,34,2012,27,7,0,11,0,3,1,2012-08-20 through 2012-08-26
797,71,35,2012,50,13,0,16,0,6,5,2012-08-27 through 2012-09-02
876,71,36,2012,51,15,1,23,1,2,7,2012-09-03 through 2012-09-09
937,71,37,2012,34,8,0,12,0,2,1,2012-09-10 through 2012-09-16
1034,71,38,2012,38,7,0,8,0,0,4,2012-09-17 through 2012-09-23
1115,71,39,2012,38,7,0,7,0,2,2,2012-09-24 through 2012-09-30
1182,71,40,2012,43,16,0,19,0,1,6,2012-10-01 through 2012-10-07
1281,71,41,2012,31,5,0,6,0,0,2,2012-10-08 through 2012-10-14
1320,71,42,2012,38,12,0,14,0,3,3,2012-10-15 through 2012-10-21
1403,71,43,2012,32,12,0,15,0,4,2,2012-10-22 through 2012-10-28
1526,71,44,2012,28,5,0,6,0,0,4,2012-10-29 through 2012-11-04
1539,71,45,2012,28,6,0,8,0,1,3,2012-11-05 through 2012-11-11
1680,71,46,2012,43,10,0,17,0,1,4,2012-11-12 through 2012-11-18
1701,71,47,2012,40,10,0,10,0,5,2,2012-11-19 through 2012-11-25
1778,71,48,2012,36,5,0,5,0,0,3,2012-11-26 through 2012-12-02
1847,71,49,2012,36,8,0,9,0,0,4,2012-12-03 through 2012-12-09
1932,71,50,2012,44,7,0,8,0,2,3,2012-12-10 through 2012-12-16
2015,71,51,2012,28,7,0,8,0,2,4,2012-12-17 through 2012-12-23
2088,71,52,2012,40,10,0,17,0,1,5,2012-12-24 through 2012-12-30
2165,71,1,2013,25,7,0,10,0,1,3,2012-12-31 through 2013-01-06
2185,71,1,2013,12,3,0,3,0,0,2,2013-12-30 through 2014-01-05
2329,71,10,2013,45,15,0,25,0,0,9,2013-03-04 through 2013-03-10
2410,71,11,2013,32,7,0,9,0,1,3,2013-03-11 through 2013-03-17
2495,71,12,2013,29,8,0,9,0,0,5,2013-03-18 through 2013-03-24
2562,71,13,2013,34,3,0,6,0,1,1,2013-03-25 through 2013-03-31
2643,71,14,2013,32,7,0,20,0,0,3,2013-04-01 through 2013-04-07
2708,71,15,2013,50,16,0,20,0,3,6,2013-04-08 through 2013-04-14
2801,71,16,2013,35,12,0,16,0,0,4,2013-04-15 through 2013-04-21
2882,71,17,2013,37,7,0,10,0,0,2,2013-04-22 through 2013-04-28
2967,71,18,2013,37,12,0,19,0,3,3,2013-04-29 through 2013-05-05
3060,71,19,2013,36,11,0,18,0,2,4,2013-05-06 through 2013-05-12
3125,71,2,2013,36,10,0,11,0,1,5,2013-01-07 through 2013-01-13
3202,71,20,2013,35,14,0,15,0,3,6,2013-05-13 through 2013-05-19
3283,71,21,2013,50,12,0,21,0,2,4,2013-05-20 through 2013-05-26
3312,71,22,2013,35,2,0,2,0,1,0,2013-05-27 through 2013-06-02
3395,71,23,2013,43,9,0,12,0,1,2,2013-06-03 through 2013-06-09
3472,71,24,2013,40,16,0,21,0,3,6,2013-06-10 through 2013-06-16
3589,71,25,2013,42,8,0,12,0,1,1,2013-06-17 through 2013-06-23
3670,71,26,2013,40,9,0,10,0,1,3,2013-06-24 through 2013-06-30
3721,71,27,2013,38,19,0,28,0,3,6,2013-07-01 through 2013-07-07
3782,71,28,2013,39,10,0,14,0,1,1,2013-07-08 through 2013-07-14
3855,71,29,2013,36,9,0,12,0,3,2,2013-07-15 through 2013-07-21
3922,71,3,2013,35,7,0,11,0,1,3,2013-01-14 through 2013-01-20
3999,71,30,2013,26,6,1,6,1,3,3,2013-07-22 through 2013-07-28
4108,71,31,2013,39,10,0,11,0,2,2,2013-07-29 through 2013-08-04
4167,71,32,2013,30,4,0,6,0,0,1,2013-08-05 through 2013-08-11
4274,71,33,2013,44,17,0,21,0,2,8,2013-08-12 through 2013-08-18
4325,71,34,2013,44,14,0,18,0,1,1,2013-08-19 through 2013-08-25
4416,71,35,2013,47,12,0,14,0,3,1,2013-08-26 through 2013-09-01
4487,71,36,2013,29,7,0,15,0,1,4,2013-09-02 through 2013-09-08
4556,71,37,2013,53,16,0,26,0,3,7,2013-09-09 through 2013-09-15
4623,71,38,2013,42,13,0,16,0,2,4,2013-09-16 through 2013-09-22
4732,71,39,2013,28,7,0,7,0,1,5,2013-09-23 through 2013-09-29
4797,71,4,2013,25,5,0,10,0,1,1,2013-01-21 through 2013-01-27
4878,71,40,2013,34,9,0,17,0,0,5,2013-09-30 through 2013-10-06
4953,71,41,2013,41,13,0,19,0,1,3,2013-10-07 through 2013-10-13
5024,71,42,2013,31,8,0,9,0,2,3,2013-10-14 through 2013-10-20
5079,71,43,2013,33,11,0,13,0,3,6,2013-10-21 through 2013-10-27
5168,71,44,2013,38,5,0,10,0,0,3,2013-10-28 through 2013-11-03
5273,71,45,2013,47,9,0,11,0,1,2,2013-11-04 through 2013-11-10
5324,71,46,2013,37,12,0,20,0,1,4,2013-11-11 through 2013-11-17
5387,71,47,2013,45,10,0,14,0,2,3,2013-11-18 through 2013-11-24
5472,71,48,2013,55,10,0,11,0,1,4,2013-11-25 through 2013-12-01
5577,71,49,2013,47,16,0,18,0,4,3,2013-12-02 through 2013-12-08
5632,71,5,2013,39,7,0,9,0,0,3,2013-01-28 through 2013-02-03
5731,71,50,2013,42,10,0,11,0,1,5,2013-12-09 through 2013-12-15
5808,71,51,2013,35,4,0,5,0,0,2,2013-12-16 through 2013-12-22
5867,71,52,2013,34,10,0,11,0,1,6,2013-12-23 through 2013-12-29
5960,71,6,2013,32,9,0,9,0,0,6,2013-02-04 through 2013-02-10
6035,71,7,2013,33,7,0,11,0,0,4,2013-02-11 through 2013-02-17
6088,71,8,2013,32,9,0,10,0,1,7,2013-02-18 through 2013-02-24
6165,71,9,2013,36,12,0,16,0,1,4,2013-02-25 through 2013-03-03
6252,71,1,2014,18,3,0,3,0,0,2,2013-12-30 through 2014-01-05
6276,71,1,2014,18,4,0,5,0,0,3,2014-12-29 through 2015-01-04
6386,71,10,2014,30,6,0,6,0,0,3,2014-03-03 through 2014-03-09
6465,71,11,2014,32,8,1,14,1,0,3,2014-03-10 through 2014-03-16
6542,71,12,2014,32,6,0,7,0,1,2,2014-03-17 through 2014-03-23
6621,71,13,2014,49,12,0,14,0,0,3,2014-03-24 through 2014-03-30
6712,71,14,2014,35,9,0,15,0,0,6,2014-03-31 through 2014-04-06
6824,71,15,2014,32,10,0,19,0,1,4,2014-04-07 through 2014-04-13
6884,71,16,2014,35,8,0,16,0,1,2,2014-04-14 through 2014-04-20
6966,71,17,2014,34,5,0,6,0,0,3,2014-04-21 through 2014-04-27
7062,71,18,2014,37,8,0,8,0,1,5,2014-04-28 through 2014-05-04
7140,71,19,2014,42,8,0,10,0,0,4,2014-05-05 through 2014-05-11
7209,71,2,2014,35,6,0,9,0,0,2,2014-01-06 through 2014-01-12
7301,71,20,2014,37,6,0,10,0,0,5,2014-05-12 through 2014-05-18
7369,71,21,2014,46,8,0,13,0,1,2,2014-05-19 through 2014-05-25
7459,71,22,2014,43,9,0,13,0,0,2,2014-05-26 through 2014-06-01
7538,71,23,2014,41,10,0,13,0,1,5,2014-06-02 through 2014-06-08
7600,71,24,2014,38,8,0,11,0,1,2,2014-06-09 through 2014-06-15
7631,71,25,2014,51,7,0,9,0,4,0,2014-06-16 through 2014-06-22
7706,71,26,2014,47,13,0,25,0,3,5,2014-06-23 through 2014-06-29
7790,71,27,2014,48,10,0,12,0,3,3,2014-06-30 through 2014-07-06
7877,71,28,2014,44,8,0,10,0,1,1,2014-07-07 through 2014-07-13
7957,71,29,2014,28,6,0,8,0,0,2,2014-07-14 through 2014-07-20
8033,71,3,2014,35,8,0,12,0,0,5,2014-01-13 through 2014-01-19
8110,71,30,2014,31,9,0,14,0,1,3,2014-07-21 through 2014-07-27
8182,71,31,2014,35,3,0,8,0,0,1,2014-07-28 through 2014-08-03
8256,71,32,2014,39,8,0,11,0,1,2,2014-08-04 through 2014-08-10
8353,71,33,2014,41,14,1,20,1,1,2,2014-08-11 through 2014-08-17
8422,71,34,2014,37,8,0,11,0,2,3,2014-08-18 through 2014-08-24
8512,71,35,2014,43,16,0,19,0,5,5,2014-08-25 through 2014-08-31
8581,71,36,2014,43,8,0,9,0,0,3,2014-09-01 through 2014-09-07
8670,71,37,2014,59,19,0,26,0,1,6,2014-09-08 through 2014-09-14
8742,71,38,2014,51,16,0,26,0,1,2,2014-09-15 through 2014-09-21
8829,71,39,2014,37,7,0,10,0,0,3,2014-09-22 through 2014-09-28
8899,71,4,2014,47,6,0,11,0,0,6,2014-01-20 through 2014-01-26
8988,71,40,2014,40,17,0,21,0,2,6,2014-09-29 through 2014-10-05
9065,71,41,2014,44,9,0,15,0,0,3,2014-10-06 through 2014-10-12
9143,71,42,2014,41,13,0,16,0,3,5,2014-10-13 through 2014-10-19
9230,71,43,2014,59,8,0,9,0,0,4,2014-10-20 through 2014-10-26
9241,71,44,2014,45,9,0,15,0,2,6,2014-10-27 through 2014-11-02
9318,71,45,2014,52,8,0,8,0,1,5,2014-11-03 through 2014-11-09
9401,71,46,2014,36,4,0,4,0,0,4,2014-11-10 through 2014-11-16
9481,71,47,2014,47,10,0,15,0,0,5,2014-11-17 through 2014-11-23
9553,71,48,2014,50,13,0,17,0,1,5,2014-11-24 through 2014-11-30
9643,71,49,2014,45,10,0,15,0,0,5,2014-12-01 through 2014-12-07
9727,71,5,2014,53,11,1,11,1,1,7,2014-01-27 through 2014-02-02
9787,71,50,2014,33,3,0,4,0,0,1,2014-12-08 through 2014-12-14
9879,71,51,2014,33,8,0,9,0,0,1,2014-12-15 through 2014-12-21
9960,71,52,2014,36,11,0,16,0,0,8,2014-12-22 through 2014-12-28
10040,71,6,2014,40,8,0,12,0,0,1,2014-02-03 through 2014-02-09
10117,71,7,2014,38,4,0,5,0,0,1,2014-02-10 through 2014-02-16
10196,71,8,2014,41,8,1,12,1,0,4,2014-02-17 through 2014-02-23
10241,71,9,2014,34,6,0,10,0,0,2,2014-02-24 through 2014-03-02
10316,71,1,2015,20,7,0,8,0,0,2,2014-12-29 through 2015-01-04
10429,71,10,2015,46,4,0,8,0,0,0,2015-03-02 through 2015-03-08
10499,71,11,2015,46,8,0,12,0,0,3,2015-03-09 through 2015-03-15
10581,71,12,2015,41,6,0,8,0,0,2,2015-03-16 through 2015-03-22
10668,71,13,2015,39,7,0,13,0,1,1,2015-03-23 through 2015-03-29
10734,71,14,2015,37,10,0,14,0,1,3,2015-03-30 through 2015-04-05
10785,71,15,2015,18,5,0,7,0,0,1,2015-04-06 through 2015-04-12
10890,71,16,2015,16,0,0,0,0,0,0,2015-04-13 through 2015-04-19
10970,71,2,2015,46,13,0,14,0,0,7,2015-01-05 through 2015-01-11
11036,71,3,2015,44,10,0,14,0,0,5,2015-01-12 through 2015-01-18
11122,71,4,2015,38,5,0,6,0,0,1,2015-01-19 through 2015-01-25
11184,71,5,2015,30,5,0,12,0,0,2,2015-01-26 through 2015-02-01
11269,71,6,2015,38,5,0,12,0,0,2,2015-02-02 through 2015-02-08
11354,71,7,2015,43,8,0,8,0,0,5,2015-02-09 through 2015-02-15
11421,71,8,2015,42,9,0,12,0,1,3,2015-02-16 through 2015-02-22
11500,71,9,2015,28,3,0,3,0,0,0,2015-02-23 through 2015-03-01
