row_number,precinct,week,year,all_collisions,injury_collisions,fatal_collisions,injures,fatalities,cyclists_involved,pedestrians_involved,label
4,79,1,2012,4,2,0,4,0,1,0,2012-12-31 through 2013-01-06
137,79,26,2012,8,1,0,4,0,0,0,2012-06-25 through 2012-07-01
215,79,27,2012,34,5,1,5,1,1,2,2012-07-02 through 2012-07-08
284,79,28,2012,42,8,0,8,0,2,2,2012-07-09 through 2012-07-15
315,79,29,2012,38,9,0,10,0,3,4,2012-07-16 through 2012-07-22
380,79,30,2012,25,7,0,10,0,1,1,2012-07-23 through 2012-07-29
463,79,31,2012,36,10,0,10,0,2,4,2012-07-30 through 2012-08-05
544,79,32,2012,25,7,0,7,0,3,2,2012-08-06 through 2012-08-12
621,79,33,2012,28,9,0,13,0,3,1,2012-08-13 through 2012-08-19
756,79,34,2012,34,5,1,9,1,2,1,2012-08-20 through 2012-08-26
767,79,35,2012,37,13,0,17,0,5,2,2012-08-27 through 2012-09-02
854,79,36,2012,30,6,0,10,0,1,2,2012-09-03 through 2012-09-09
941,79,37,2012,38,8,0,13,0,2,0,2012-09-10 through 2012-09-16
1014,79,38,2012,33,7,0,9,0,4,0,2012-09-17 through 2012-09-23
1097,79,39,2012,34,6,0,7,0,2,2,2012-09-24 through 2012-09-30
1162,79,40,2012,32,8,0,11,0,2,2,2012-10-01 through 2012-10-07
1269,79,41,2012,40,11,0,18,0,2,3,2012-10-08 through 2012-10-14
1358,79,42,2012,32,10,0,10,0,1,6,2012-10-15 through 2012-10-21
1427,79,43,2012,34,12,0,20,0,4,2,2012-10-22 through 2012-10-28
1510,79,44,2012,23,6,0,6,0,3,1,2012-10-29 through 2012-11-04
1601,79,45,2012,35,8,0,11,0,0,2,2012-11-05 through 2012-11-11
1652,79,46,2012,46,11,0,12,0,3,7,2012-11-12 through 2012-11-18
1749,79,47,2012,35,7,0,10,0,1,2,2012-11-19 through 2012-11-25
1828,79,48,2012,22,6,0,7,0,1,3,2012-11-26 through 2012-12-02
1859,79,49,2012,35,9,0,11,0,2,5,2012-12-03 through 2012-12-09
1920,79,50,2012,26,7,0,8,0,2,3,2012-12-10 through 2012-12-16
2009,79,51,2012,28,5,0,5,0,1,2,2012-12-17 through 2012-12-23
2082,79,52,2012,22,4,0,4,0,0,3,2012-12-24 through 2012-12-30
2179,79,1,2013,7,2,0,3,0,0,0,2013-12-30 through 2014-01-05
2275,79,1,2013,21,6,0,11,0,1,1,2012-12-31 through 2013-01-06
2361,79,10,2013,45,11,0,14,0,1,6,2013-03-04 through 2013-03-10
2406,79,11,2013,29,8,0,21,0,1,2,2013-03-11 through 2013-03-17
2473,79,12,2013,28,10,0,11,0,1,6,2013-03-18 through 2013-03-24
2574,79,13,2013,40,8,0,12,0,0,2,2013-03-25 through 2013-03-31
2637,79,14,2013,33,8,0,14,0,2,3,2013-04-01 through 2013-04-07
2724,79,15,2013,40,13,0,14,0,2,5,2013-04-08 through 2013-04-14
2785,79,16,2013,33,10,0,14,0,5,0,2013-04-15 through 2013-04-21
2888,79,17,2013,38,8,0,9,0,1,4,2013-04-22 through 2013-04-28
2961,79,18,2013,45,11,0,13,0,1,7,2013-04-29 through 2013-05-05
3046,79,19,2013,37,10,0,15,0,1,2,2013-05-06 through 2013-05-12
3135,79,2,2013,25,6,0,6,0,1,3,2013-01-07 through 2013-01-13
3208,79,20,2013,32,5,0,6,0,2,1,2013-05-13 through 2013-05-19
3229,79,21,2013,30,8,0,9,0,1,1,2013-05-20 through 2013-05-26
3346,79,22,2013,30,6,0,6,0,3,2,2013-05-27 through 2013-06-02
3435,79,23,2013,45,10,0,11,0,1,4,2013-06-03 through 2013-06-09
3460,79,24,2013,47,11,0,16,0,3,3,2013-06-10 through 2013-06-16
3595,79,25,2013,47,12,0,18,0,6,1,2013-06-17 through 2013-06-23
3664,79,26,2013,49,18,0,27,0,4,3,2013-06-24 through 2013-06-30
3747,79,27,2013,43,10,0,10,0,5,1,2013-07-01 through 2013-07-07
3800,79,28,2013,31,11,0,13,0,1,5,2013-07-08 through 2013-07-14
3845,79,29,2013,29,13,0,13,0,5,0,2013-07-15 through 2013-07-21
3964,79,3,2013,28,5,0,7,0,0,1,2013-01-14 through 2013-01-20
4035,79,30,2013,27,9,0,33,0,2,4,2013-07-22 through 2013-07-28
4118,79,31,2013,42,19,0,31,0,3,3,2013-07-29 through 2013-08-04
4181,79,32,2013,35,12,0,19,0,4,0,2013-08-05 through 2013-08-11
4234,79,33,2013,35,14,0,23,0,2,4,2013-08-12 through 2013-08-18
4313,79,34,2013,36,9,0,14,0,2,4,2013-08-19 through 2013-08-25
4420,79,35,2013,42,14,0,16,0,7,4,2013-08-26 through 2013-09-01
4485,79,36,2013,31,14,0,16,0,7,2,2013-09-02 through 2013-09-08
4568,79,37,2013,42,5,0,6,0,0,2,2013-09-09 through 2013-09-15
4631,79,38,2013,36,9,0,11,0,2,4,2013-09-16 through 2013-09-22
4696,79,39,2013,29,7,0,10,0,1,1,2013-09-23 through 2013-09-29
4789,79,4,2013,39,8,0,11,0,1,7,2013-01-21 through 2013-01-27
4862,79,40,2013,32,13,0,18,0,5,3,2013-09-30 through 2013-10-06
4947,79,41,2013,29,11,0,14,0,2,2,2013-10-07 through 2013-10-13
5004,79,42,2013,33,12,1,17,1,2,9,2013-10-14 through 2013-10-20
5113,79,43,2013,33,8,0,8,0,5,3,2013-10-21 through 2013-10-27
5192,79,44,2013,32,12,0,19,0,2,1,2013-10-28 through 2013-11-03
5259,79,45,2013,36,6,0,6,0,1,3,2013-11-04 through 2013-11-10
5322,79,46,2013,45,14,0,20,0,4,4,2013-11-11 through 2013-11-17
5425,79,47,2013,28,1,0,1,0,0,1,2013-11-18 through 2013-11-24
5466,79,48,2013,30,6,0,6,0,1,3,2013-11-25 through 2013-12-01
5569,79,49,2013,30,4,0,5,0,1,2,2013-12-02 through 2013-12-08
5634,79,5,2013,36,7,0,7,0,1,2,2013-01-28 through 2013-02-03
5701,79,50,2013,31,4,0,4,0,0,2,2013-12-09 through 2013-12-15
5790,79,51,2013,40,9,0,17,0,0,3,2013-12-16 through 2013-12-22
5863,79,52,2013,24,7,0,13,0,2,2,2013-12-23 through 2013-12-29
5936,79,6,2013,35,9,0,10,0,1,4,2013-02-04 through 2013-02-10
6015,79,7,2013,27,6,0,6,0,1,3,2013-02-11 through 2013-02-17
6082,79,8,2013,28,4,0,6,0,0,2,2013-02-18 through 2013-02-24
6185,79,9,2013,49,10,0,15,0,0,4,2013-02-25 through 2013-03-03
6242,79,1,2014,24,8,0,11,0,2,3,2014-12-29 through 2015-01-04
6282,79,1,2014,12,1,0,1,0,0,1,2013-12-30 through 2014-01-05
6396,79,10,2014,26,4,0,4,0,0,3,2014-03-03 through 2014-03-09
6487,79,11,2014,42,9,0,22,0,0,4,2014-03-10 through 2014-03-16
6552,79,12,2014,32,3,0,3,0,1,1,2014-03-17 through 2014-03-23
6635,79,13,2014,23,3,0,4,0,0,1,2014-03-24 through 2014-03-30
6700,79,14,2014,35,10,0,12,0,1,3,2014-03-31 through 2014-04-06
6785,79,15,2014,32,7,0,9,0,0,3,2014-04-07 through 2014-04-13
6848,79,16,2014,34,10,0,13,0,3,3,2014-04-14 through 2014-04-20
6927,79,17,2014,36,7,0,8,0,2,3,2014-04-21 through 2014-04-27
7024,79,18,2014,40,5,0,10,0,0,3,2014-04-28 through 2014-05-04
7095,79,19,2014,41,8,0,9,0,0,6,2014-05-05 through 2014-05-11
7172,79,2,2014,22,3,0,4,0,0,4,2014-01-06 through 2014-01-12
7237,79,20,2014,44,9,0,9,0,4,2,2014-05-12 through 2014-05-18
7326,79,21,2014,37,7,0,7,0,2,3,2014-05-19 through 2014-05-25
7395,79,22,2014,32,8,0,9,0,3,3,2014-05-26 through 2014-06-01
7474,79,23,2014,35,5,0,9,0,0,3,2014-06-02 through 2014-06-08
7547,79,24,2014,29,5,0,5,0,0,3,2014-06-09 through 2014-06-15
7636,79,25,2014,43,8,0,13,0,2,7,2014-06-16 through 2014-06-22
7707,79,26,2014,37,9,0,9,0,1,5,2014-06-23 through 2014-06-29
7786,79,27,2014,35,4,0,7,0,2,0,2014-06-30 through 2014-07-06
7849,79,28,2014,34,15,0,27,0,3,3,2014-07-07 through 2014-07-13
7938,79,29,2014,36,10,0,10,0,2,2,2014-07-14 through 2014-07-20
8015,79,3,2014,36,7,0,11,0,0,3,2014-01-13 through 2014-01-19
8114,79,30,2014,33,7,0,7,0,4,1,2014-07-21 through 2014-07-27
8189,79,31,2014,36,10,0,16,0,5,2,2014-07-28 through 2014-08-03
8261,79,32,2014,35,6,0,8,0,4,1,2014-08-04 through 2014-08-10
8342,79,33,2014,42,9,0,10,0,1,4,2014-08-11 through 2014-08-17
8420,79,34,2014,40,10,0,13,0,3,4,2014-08-18 through 2014-08-24
8506,79,35,2014,29,9,0,10,0,5,0,2014-08-25 through 2014-08-31
8575,79,36,2014,49,10,1,14,1,0,3,2014-09-01 through 2014-09-07
8650,79,37,2014,54,13,0,20,0,4,5,2014-09-08 through 2014-09-14
8732,79,38,2014,35,7,1,8,1,1,6,2014-09-15 through 2014-09-21
8806,79,39,2014,42,11,0,13,0,4,4,2014-09-22 through 2014-09-28
8886,79,4,2014,25,6,0,8,0,0,5,2014-01-20 through 2014-01-26
8972,79,40,2014,32,8,0,12,0,0,4,2014-09-29 through 2014-10-05
9052,79,41,2014,34,8,0,10,0,2,1,2014-10-06 through 2014-10-12
9130,79,42,2014,21,9,0,16,0,3,1,2014-10-13 through 2014-10-19
9211,79,43,2014,38,11,0,21,0,3,4,2014-10-20 through 2014-10-26
9295,79,44,2014,37,13,0,13,0,3,6,2014-10-27 through 2014-11-02
9377,79,45,2014,45,14,0,15,0,3,8,2014-11-03 through 2014-11-09
9456,79,46,2014,36,3,0,3,0,0,3,2014-11-10 through 2014-11-16
9533,79,47,2014,37,9,0,21,0,0,4,2014-11-17 through 2014-11-23
9616,79,48,2014,33,8,0,8,0,1,5,2014-11-24 through 2014-11-30
9673,79,49,2014,30,6,0,8,0,1,4,2014-12-01 through 2014-12-07
9708,79,5,2014,39,10,0,16,0,1,6,2014-01-27 through 2014-02-02
9788,79,50,2014,44,12,0,16,0,2,4,2014-12-08 through 2014-12-14
9863,79,51,2014,29,6,0,8,0,2,0,2014-12-15 through 2014-12-21
9949,79,52,2014,41,4,0,4,0,2,2,2014-12-22 through 2014-12-28
10029,79,6,2014,51,5,0,5,0,1,3,2014-02-03 through 2014-02-09
10101,79,7,2014,42,4,0,6,0,0,2,2014-02-10 through 2014-02-16
10180,79,8,2014,33,5,0,6,0,0,2,2014-02-17 through 2014-02-23
10265,79,9,2014,31,8,0,11,0,0,3,2014-02-24 through 2014-03-02
10336,79,1,2015,17,3,0,3,0,0,3,2014-12-29 through 2015-01-04
10408,79,10,2015,42,4,0,4,0,0,2,2015-03-02 through 2015-03-08
10478,79,11,2015,32,3,0,5,0,0,2,2015-03-09 through 2015-03-15
10578,79,12,2015,38,6,0,14,0,1,1,2015-03-16 through 2015-03-22
10655,79,13,2015,38,6,0,6,0,1,2,2015-03-23 through 2015-03-29
10738,79,14,2015,39,10,0,11,0,3,3,2015-03-30 through 2015-04-05
10810,79,15,2015,30,11,0,17,0,1,3,2015-04-06 through 2015-04-12
10896,79,16,2015,9,1,0,1,0,0,0,2015-04-13 through 2015-04-19
10987,79,2,2015,37,10,0,17,0,0,5,2015-01-05 through 2015-01-11
11012,79,3,2015,43,8,0,8,0,0,5,2015-01-12 through 2015-01-18
11109,79,4,2015,37,5,0,5,0,1,2,2015-01-19 through 2015-01-25
11166,79,5,2015,40,4,0,4,0,1,0,2015-01-26 through 2015-02-01
11273,79,6,2015,63,7,0,7,0,0,3,2015-02-02 through 2015-02-08
11335,79,7,2015,35,6,0,9,0,1,3,2015-02-09 through 2015-02-15
11464,79,8,2015,35,6,0,9,0,1,4,2015-02-16 through 2015-02-22
11490,79,9,2015,24,5,0,5,0,0,4,2015-02-23 through 2015-03-01
