row_number,precinct,week,year,all_collisions,injury_collisions,fatal_collisions,injures,fatalities,cyclists_involved,pedestrians_involved,label
66,69,1,2012,5,1,0,1,0,0,1,2012-12-31 through 2013-01-06
97,69,26,2012,2,0,0,0,0,0,0,2012-06-25 through 2012-07-01
171,69,27,2012,46,13,0,19,0,1,2,2012-07-02 through 2012-07-08
248,69,28,2012,31,13,0,16,0,0,2,2012-07-09 through 2012-07-15
341,69,29,2012,28,7,0,7,0,1,2,2012-07-16 through 2012-07-22
420,69,30,2012,22,5,0,5,0,1,1,2012-07-23 through 2012-07-29
481,69,31,2012,21,5,0,12,0,0,2,2012-07-30 through 2012-08-05
576,69,32,2012,29,4,1,5,1,1,1,2012-08-06 through 2012-08-12
645,69,33,2012,26,7,0,11,0,1,3,2012-08-13 through 2012-08-19
726,69,34,2012,20,4,0,6,0,1,2,2012-08-20 through 2012-08-26
799,69,35,2012,35,11,0,25,0,1,2,2012-08-27 through 2012-09-02
886,69,36,2012,25,5,0,9,0,0,0,2012-09-03 through 2012-09-09
963,69,37,2012,32,7,0,8,0,0,0,2012-09-10 through 2012-09-16
1036,69,38,2012,26,5,0,5,0,1,1,2012-09-17 through 2012-09-23
1103,69,39,2012,21,8,0,14,0,1,1,2012-09-24 through 2012-09-30
1192,69,40,2012,28,5,0,6,0,1,2,2012-10-01 through 2012-10-07
1273,69,41,2012,35,9,0,13,0,0,2,2012-10-08 through 2012-10-14
1352,69,42,2012,35,9,0,11,0,2,0,2012-10-15 through 2012-10-21
1439,69,43,2012,18,9,0,12,0,0,3,2012-10-22 through 2012-10-28
1516,69,44,2012,15,2,0,3,0,0,1,2012-10-29 through 2012-11-04
1535,69,45,2012,31,4,0,14,0,1,1,2012-11-05 through 2012-11-11
1678,69,46,2012,38,8,0,10,0,0,1,2012-11-12 through 2012-11-18
1753,69,47,2012,29,8,0,11,0,0,3,2012-11-19 through 2012-11-25
1780,69,48,2012,29,5,0,5,0,0,1,2012-11-26 through 2012-12-02
1843,69,49,2012,40,12,0,16,0,0,4,2012-12-03 through 2012-12-09
1974,69,50,2012,44,10,0,17,0,0,4,2012-12-10 through 2012-12-16
2007,69,51,2012,36,9,0,18,0,0,3,2012-12-17 through 2012-12-23
2132,69,52,2012,36,7,0,7,0,0,1,2012-12-24 through 2012-12-30
2285,69,1,2013,9,2,1,2,1,0,2,2013-12-30 through 2014-01-05
2289,69,1,2013,27,5,0,9,0,0,1,2012-12-31 through 2013-01-06
2323,69,10,2013,25,4,0,4,0,0,2,2013-03-04 through 2013-03-10
2400,69,11,2013,31,4,0,9,0,0,1,2013-03-11 through 2013-03-17
2497,69,12,2013,35,11,0,18,0,0,3,2013-03-18 through 2013-03-24
2556,69,13,2013,29,11,0,16,0,0,3,2013-03-25 through 2013-03-31
2623,69,14,2013,32,8,0,12,0,0,1,2013-04-01 through 2013-04-07
2728,69,15,2013,26,7,0,7,0,0,2,2013-04-08 through 2013-04-14
2773,69,16,2013,41,7,1,9,1,0,3,2013-04-15 through 2013-04-21
2876,69,17,2013,28,7,0,8,0,0,2,2013-04-22 through 2013-04-28
2979,69,18,2013,18,6,0,10,0,0,1,2013-04-29 through 2013-05-05
3042,69,19,2013,36,7,0,12,0,2,1,2013-05-06 through 2013-05-12
3079,69,2,2013,34,8,0,14,0,0,4,2013-01-07 through 2013-01-13
3192,69,20,2013,26,4,0,8,0,1,0,2013-05-13 through 2013-05-19
3243,69,21,2013,45,10,0,16,0,0,2,2013-05-20 through 2013-05-26
3364,69,22,2013,39,12,0,16,0,0,0,2013-05-27 through 2013-06-02
3385,69,23,2013,39,12,0,18,0,1,2,2013-06-03 through 2013-06-09
3494,69,24,2013,29,8,0,13,0,0,4,2013-06-10 through 2013-06-16
3543,69,25,2013,41,13,0,22,0,1,1,2013-06-17 through 2013-06-23
3638,69,26,2013,35,9,0,10,0,1,2,2013-06-24 through 2013-06-30
3725,69,27,2013,30,9,0,13,0,1,0,2013-07-01 through 2013-07-07
3776,69,28,2013,31,9,0,17,0,0,3,2013-07-08 through 2013-07-14
3901,69,29,2013,36,12,0,14,0,2,4,2013-07-15 through 2013-07-21
3930,69,3,2013,26,5,0,11,0,0,1,2013-01-14 through 2013-01-20
4019,69,30,2013,35,11,0,20,0,0,3,2013-07-22 through 2013-07-28
4076,69,31,2013,27,7,0,10,0,0,0,2013-07-29 through 2013-08-04
4189,69,32,2013,27,11,0,17,0,2,2,2013-08-05 through 2013-08-11
4240,69,33,2013,33,2,0,5,0,0,0,2013-08-12 through 2013-08-18
4315,69,34,2013,26,6,1,10,1,1,1,2013-08-19 through 2013-08-25
4392,69,35,2013,27,6,0,15,0,0,2,2013-08-26 through 2013-09-01
4465,69,36,2013,30,12,0,19,0,1,2,2013-09-02 through 2013-09-08
4552,69,37,2013,37,11,0,15,0,1,3,2013-09-09 through 2013-09-15
4647,69,38,2013,25,9,0,27,0,1,4,2013-09-16 through 2013-09-22
4730,69,39,2013,30,8,0,17,0,0,3,2013-09-23 through 2013-09-29
4805,69,4,2013,32,10,1,15,1,0,3,2013-01-21 through 2013-01-27
4880,69,40,2013,32,7,0,11,0,2,3,2013-09-30 through 2013-10-06
4943,69,41,2013,32,11,1,14,1,0,4,2013-10-07 through 2013-10-13
5016,69,42,2013,45,10,1,14,1,2,2,2013-10-14 through 2013-10-20
5111,69,43,2013,34,10,1,14,1,0,4,2013-10-21 through 2013-10-27
5162,69,44,2013,36,7,0,14,0,1,1,2013-10-28 through 2013-11-03
5249,69,45,2013,26,6,0,9,0,1,3,2013-11-04 through 2013-11-10
5340,69,46,2013,30,7,0,8,0,0,3,2013-11-11 through 2013-11-17
5405,69,47,2013,25,4,0,6,0,0,0,2013-11-18 through 2013-11-24
5486,69,48,2013,24,9,0,15,0,0,3,2013-11-25 through 2013-12-01
5551,69,49,2013,27,11,0,15,0,0,5,2013-12-02 through 2013-12-08
5630,69,5,2013,32,5,0,5,0,0,0,2013-01-28 through 2013-02-03
5709,69,50,2013,35,8,0,10,0,0,5,2013-12-09 through 2013-12-15
5806,69,51,2013,35,9,0,13,0,0,4,2013-12-16 through 2013-12-22
5873,69,52,2013,25,6,0,11,0,1,0,2013-12-23 through 2013-12-29
5934,69,6,2013,30,3,0,4,0,0,1,2013-02-04 through 2013-02-10
6019,69,7,2013,29,10,0,11,0,0,4,2013-02-11 through 2013-02-17
6080,69,8,2013,24,6,1,7,1,1,2,2013-02-18 through 2013-02-24
6155,69,9,2013,16,3,0,5,0,0,0,2013-02-25 through 2013-03-03
6314,69,1,2014,21,6,0,9,0,0,1,2013-12-30 through 2014-01-05
6315,69,1,2014,11,1,0,2,0,0,0,2014-12-29 through 2015-01-04
6393,69,10,2014,24,7,0,12,0,0,3,2014-03-03 through 2014-03-09
6486,69,11,2014,29,8,0,15,0,0,0,2014-03-10 through 2014-03-16
6557,69,12,2014,19,4,0,4,0,0,2,2014-03-17 through 2014-03-23
6636,69,13,2014,19,6,0,7,0,0,2,2014-03-24 through 2014-03-30
6717,69,14,2014,29,12,0,16,0,0,2,2014-03-31 through 2014-04-06
6778,69,15,2014,34,10,1,13,1,1,1,2014-04-07 through 2014-04-13
6871,69,16,2014,38,8,0,13,0,1,4,2014-04-14 through 2014-04-20
6955,69,17,2014,29,8,0,11,0,1,1,2014-04-21 through 2014-04-27
7029,69,18,2014,24,7,1,18,1,0,1,2014-04-28 through 2014-05-04
7106,69,19,2014,23,4,0,5,0,1,2,2014-05-05 through 2014-05-11
7184,69,2,2014,27,6,0,11,0,0,2,2014-01-06 through 2014-01-12
7260,69,20,2014,33,9,0,9,0,0,2,2014-05-12 through 2014-05-18
7335,69,21,2014,29,8,1,20,1,1,0,2014-05-19 through 2014-05-25
7413,69,22,2014,32,5,0,5,0,0,0,2014-05-26 through 2014-06-01
7495,69,23,2014,26,5,0,7,0,1,0,2014-06-02 through 2014-06-08
7569,69,24,2014,28,8,0,12,0,1,0,2014-06-09 through 2014-06-15
7663,69,25,2014,34,8,0,10,0,1,5,2014-06-16 through 2014-06-22
7741,69,26,2014,34,10,0,18,0,0,2,2014-06-23 through 2014-06-29
7773,69,27,2014,34,11,0,17,0,1,2,2014-06-30 through 2014-07-06
7883,69,28,2014,38,9,0,14,0,1,0,2014-07-07 through 2014-07-13
7964,69,29,2014,27,5,0,9,0,1,2,2014-07-14 through 2014-07-20
8041,69,3,2014,23,4,0,6,0,0,0,2014-01-13 through 2014-01-19
8124,69,30,2014,36,5,0,6,0,1,1,2014-07-21 through 2014-07-27
8201,69,31,2014,31,8,0,19,0,0,4,2014-07-28 through 2014-08-03
8276,69,32,2014,28,6,0,11,0,0,0,2014-08-04 through 2014-08-10
8361,69,33,2014,34,10,0,19,0,1,0,2014-08-11 through 2014-08-17
8438,69,34,2014,25,6,0,9,0,0,2,2014-08-18 through 2014-08-24
8470,69,35,2014,24,8,0,15,0,0,0,2014-08-25 through 2014-08-31
8592,69,36,2014,31,6,0,12,0,0,1,2014-09-01 through 2014-09-07
8669,69,37,2014,29,10,0,16,0,0,1,2014-09-08 through 2014-09-14
8745,69,38,2014,23,5,0,8,0,1,0,2014-09-15 through 2014-09-21
8823,69,39,2014,33,8,0,14,0,0,3,2014-09-22 through 2014-09-28
8897,69,4,2014,32,5,0,9,0,0,0,2014-01-20 through 2014-01-26
8983,69,40,2014,27,5,0,6,0,0,2,2014-09-29 through 2014-10-05
9064,69,41,2014,36,9,0,12,0,1,2,2014-10-06 through 2014-10-12
9142,69,42,2014,26,5,0,5,0,1,1,2014-10-13 through 2014-10-19
9217,69,43,2014,39,9,0,16,0,0,2,2014-10-20 through 2014-10-26
9301,69,44,2014,34,7,0,13,0,0,3,2014-10-27 through 2014-11-02
9375,69,45,2014,38,7,1,13,1,0,0,2014-11-03 through 2014-11-09
9462,69,46,2014,26,6,0,10,0,0,0,2014-11-10 through 2014-11-16
9541,69,47,2014,32,7,0,12,0,0,1,2014-11-17 through 2014-11-23
9617,69,48,2014,28,5,0,7,0,0,3,2014-11-24 through 2014-11-30
9668,69,49,2014,24,9,0,10,0,1,6,2014-12-01 through 2014-12-07
9699,69,5,2014,30,7,1,7,1,0,3,2014-01-27 through 2014-02-02
9779,69,50,2014,30,10,0,20,0,0,1,2014-12-08 through 2014-12-14
9865,69,51,2014,35,7,0,10,0,0,2,2014-12-15 through 2014-12-21
9932,69,52,2014,26,5,0,5,0,1,2,2014-12-22 through 2014-12-28
10030,69,6,2014,38,5,0,10,0,0,2,2014-02-03 through 2014-02-09
10106,69,7,2014,27,5,0,7,0,0,2,2014-02-10 through 2014-02-16
10184,69,8,2014,35,10,0,12,0,0,1,2014-02-17 through 2014-02-23
10266,69,9,2014,33,6,0,9,0,0,0,2014-02-24 through 2014-03-02
10358,69,1,2015,19,4,0,5,0,0,1,2014-12-29 through 2015-01-04
10390,69,10,2015,38,1,0,1,0,0,0,2015-03-02 through 2015-03-08
10476,69,11,2015,32,11,0,18,0,0,2,2015-03-09 through 2015-03-15
10550,69,12,2015,33,7,0,7,0,0,3,2015-03-16 through 2015-03-22
10627,69,13,2015,29,9,0,19,0,0,1,2015-03-23 through 2015-03-29
10713,69,14,2015,28,9,0,19,0,0,4,2015-03-30 through 2015-04-05
10775,69,15,2015,36,1,0,1,0,0,0,2015-04-06 through 2015-04-12
10869,69,16,2015,6,2,0,4,0,1,0,2015-04-13 through 2015-04-19
10949,69,2,2015,24,2,0,2,0,0,0,2015-01-05 through 2015-01-11
11041,69,3,2015,27,7,0,9,0,0,3,2015-01-12 through 2015-01-18
11126,69,4,2015,27,4,0,4,0,1,1,2015-01-19 through 2015-01-25
11165,69,5,2015,19,1,0,1,0,0,0,2015-01-26 through 2015-02-01
11258,69,6,2015,29,7,0,12,0,0,1,2015-02-02 through 2015-02-08
11332,69,7,2015,30,1,0,1,0,0,1,2015-02-09 through 2015-02-15
11457,69,8,2015,27,3,0,5,0,0,2,2015-02-16 through 2015-02-22
11485,69,9,2015,20,3,0,4,0,0,0,2015-02-23 through 2015-03-01
