row_number,precinct,week,year,all_collisions,injury_collisions,fatal_collisions,injures,fatalities,cyclists_involved,pedestrians_involved,label
17,24,1,2012,2,0,0,0,0,0,0,2012-12-31 through 2013-01-06
88,24,26,2012,1,1,0,1,0,0,1,2012-06-25 through 2012-07-01
160,24,27,2012,25,7,0,7,0,1,3,2012-07-02 through 2012-07-08
237,24,28,2012,31,3,1,3,1,0,3,2012-07-09 through 2012-07-15
314,24,29,2012,16,1,0,2,0,0,0,2012-07-16 through 2012-07-22
393,24,30,2012,19,2,0,2,0,0,1,2012-07-23 through 2012-07-29
470,24,31,2012,12,2,0,2,0,0,1,2012-07-30 through 2012-08-05
549,24,32,2012,20,2,0,2,0,0,2,2012-08-06 through 2012-08-12
624,24,33,2012,17,2,0,2,0,0,1,2012-08-13 through 2012-08-19
701,24,34,2012,19,2,0,2,0,1,0,2012-08-20 through 2012-08-26
778,24,35,2012,21,2,0,2,0,1,0,2012-08-27 through 2012-09-02
855,24,36,2012,24,6,0,6,0,2,2,2012-09-03 through 2012-09-09
932,24,37,2012,17,3,0,4,0,0,0,2012-09-10 through 2012-09-16
1007,24,38,2012,31,4,0,5,0,1,1,2012-09-17 through 2012-09-23
1086,24,39,2012,24,5,0,5,0,1,3,2012-09-24 through 2012-09-30
1161,24,40,2012,25,2,0,2,0,0,1,2012-10-01 through 2012-10-07
1242,24,41,2012,22,5,1,5,1,1,1,2012-10-08 through 2012-10-14
1317,24,42,2012,22,5,0,5,0,1,1,2012-10-15 through 2012-10-21
1396,24,43,2012,20,3,0,3,0,1,2,2012-10-22 through 2012-10-28
1475,24,44,2012,28,3,0,3,0,0,2,2012-10-29 through 2012-11-04
1550,24,45,2012,19,2,0,2,0,0,1,2012-11-05 through 2012-11-11
1627,24,46,2012,17,2,0,2,0,0,0,2012-11-12 through 2012-11-18
1704,24,47,2012,24,2,0,2,0,1,1,2012-11-19 through 2012-11-25
1781,24,48,2012,16,3,0,3,0,1,2,2012-11-26 through 2012-12-02
1858,24,49,2012,24,5,0,5,0,0,4,2012-12-03 through 2012-12-09
1939,24,50,2012,28,5,0,5,0,0,3,2012-12-10 through 2012-12-16
2016,24,51,2012,19,2,0,2,0,0,1,2012-12-17 through 2012-12-23
2091,24,52,2012,14,1,0,1,0,0,1,2012-12-24 through 2012-12-30
2172,24,1,2013,25,4,0,6,0,0,2,2012-12-31 through 2013-01-06
2174,24,1,2013,7,3,0,3,0,0,1,2013-12-30 through 2014-01-05
2314,24,10,2013,24,2,0,2,0,0,1,2013-03-04 through 2013-03-10
2391,24,11,2013,17,2,0,2,0,0,2,2013-03-11 through 2013-03-17
2468,24,12,2013,25,2,0,3,0,0,0,2013-03-18 through 2013-03-24
2547,24,13,2013,11,3,0,4,0,1,0,2013-03-25 through 2013-03-31
2622,24,14,2013,6,0,0,0,0,0,0,2013-04-01 through 2013-04-07
2699,24,15,2013,22,2,0,2,0,0,0,2013-04-08 through 2013-04-14
2776,24,16,2013,13,2,0,2,0,1,0,2013-04-15 through 2013-04-21
2853,24,17,2013,25,1,0,1,0,0,1,2013-04-22 through 2013-04-28
2928,24,18,2013,18,2,0,2,0,0,2,2013-04-29 through 2013-05-05
3009,24,19,2013,21,1,0,1,0,0,0,2013-05-06 through 2013-05-12
3086,24,2,2013,19,3,0,8,0,0,1,2013-01-07 through 2013-01-13
3165,24,20,2013,24,3,0,3,0,0,2,2013-05-13 through 2013-05-19
3240,24,21,2013,25,4,0,4,0,0,3,2013-05-20 through 2013-05-26
3315,24,22,2013,25,4,0,4,0,1,1,2013-05-27 through 2013-06-02
3394,24,23,2013,32,6,1,6,1,0,4,2013-06-03 through 2013-06-09
3467,24,24,2013,17,2,0,2,0,1,1,2013-06-10 through 2013-06-16
3548,24,25,2013,23,4,0,5,0,0,2,2013-06-17 through 2013-06-23
3627,24,26,2013,24,2,0,2,0,0,1,2013-06-24 through 2013-06-30
3702,24,27,2013,17,4,0,4,0,1,0,2013-07-01 through 2013-07-07
3779,24,28,2013,20,2,0,3,0,0,1,2013-07-08 through 2013-07-14
3858,24,29,2013,19,2,0,3,0,0,3,2013-07-15 through 2013-07-21
3935,24,3,2013,12,3,0,3,0,1,1,2013-01-14 through 2013-01-20
4018,24,30,2013,27,5,0,5,0,2,2,2013-07-22 through 2013-07-28
4091,24,31,2013,31,5,0,5,0,1,3,2013-07-29 through 2013-08-04
4170,24,32,2013,16,3,0,3,0,0,2,2013-08-05 through 2013-08-11
4245,24,33,2013,28,2,0,4,0,1,0,2013-08-12 through 2013-08-18
4324,24,34,2013,20,4,0,5,0,0,0,2013-08-19 through 2013-08-25
4403,24,35,2013,23,3,0,3,0,1,0,2013-08-26 through 2013-09-01
4472,24,36,2013,23,6,0,12,0,0,1,2013-09-02 through 2013-09-08
4553,24,37,2013,25,5,0,6,0,0,2,2013-09-09 through 2013-09-15
4630,24,38,2013,20,6,0,10,0,2,1,2013-09-16 through 2013-09-22
4709,24,39,2013,14,2,0,2,0,0,0,2013-09-23 through 2013-09-29
4782,24,4,2013,16,2,0,2,0,0,2,2013-01-21 through 2013-01-27
4861,24,40,2013,22,4,0,6,0,1,1,2013-09-30 through 2013-10-06
4944,24,41,2013,24,3,0,4,0,0,3,2013-10-07 through 2013-10-13
5021,24,42,2013,24,2,0,2,0,1,1,2013-10-14 through 2013-10-20
5100,24,43,2013,29,4,0,4,0,0,2,2013-10-21 through 2013-10-27
5179,24,44,2013,27,5,0,6,0,2,1,2013-10-28 through 2013-11-03
5254,24,45,2013,22,6,0,6,0,0,5,2013-11-04 through 2013-11-10
5327,24,46,2013,25,4,0,6,0,2,1,2013-11-11 through 2013-11-17
5414,24,47,2013,21,3,0,3,0,0,0,2013-11-18 through 2013-11-24
5487,24,48,2013,28,4,0,5,0,0,3,2013-11-25 through 2013-12-01
5562,24,49,2013,21,3,0,3,0,1,1,2013-12-02 through 2013-12-08
5633,24,5,2013,20,4,0,4,0,1,3,2013-01-28 through 2013-02-03
5716,24,50,2013,21,4,0,4,0,0,4,2013-12-09 through 2013-12-15
5795,24,51,2013,23,6,0,7,0,0,4,2013-12-16 through 2013-12-22
5880,24,52,2013,15,3,0,3,0,1,2,2013-12-23 through 2013-12-29
5945,24,6,2013,24,6,0,10,0,0,3,2013-02-04 through 2013-02-10
6018,24,7,2013,31,4,0,4,0,1,2,2013-02-11 through 2013-02-17
6097,24,8,2013,25,3,0,4,0,0,2,2013-02-18 through 2013-02-24
6176,24,9,2013,24,5,0,6,0,0,1,2013-02-25 through 2013-03-03
6259,24,1,2014,9,1,0,1,0,1,0,2013-12-30 through 2014-01-05
6261,24,1,2014,8,0,0,0,0,0,0,2014-12-29 through 2015-01-04
6411,24,10,2014,19,4,0,4,0,0,3,2014-03-03 through 2014-03-09
6478,24,11,2014,21,2,0,2,0,0,2,2014-03-10 through 2014-03-16
6561,24,12,2014,17,6,0,6,0,2,4,2014-03-17 through 2014-03-23
6638,24,13,2014,19,0,0,0,0,0,0,2014-03-24 through 2014-03-30
6713,24,14,2014,20,6,0,7,0,1,3,2014-03-31 through 2014-04-06
6784,24,15,2014,17,1,0,1,0,0,0,2014-04-07 through 2014-04-13
6865,24,16,2014,21,5,0,5,0,0,3,2014-04-14 through 2014-04-20
6950,24,17,2014,22,4,0,4,0,2,1,2014-04-21 through 2014-04-27
7021,24,18,2014,27,5,0,5,0,3,1,2014-04-28 through 2014-05-04
7098,24,19,2014,21,3,0,3,0,0,2,2014-05-05 through 2014-05-11
7179,24,2,2014,14,1,2,1,2,0,3,2014-01-06 through 2014-01-12
7256,24,20,2014,25,3,0,6,0,0,1,2014-05-12 through 2014-05-18
7332,24,21,2014,18,3,0,4,0,0,0,2014-05-19 through 2014-05-25
7406,24,22,2014,23,4,0,4,0,1,1,2014-05-26 through 2014-06-01
7486,24,23,2014,22,5,0,7,0,0,1,2014-06-02 through 2014-06-08
7558,24,24,2014,16,1,0,1,0,0,1,2014-06-09 through 2014-06-15
7637,24,25,2014,19,2,0,2,0,2,0,2014-06-16 through 2014-06-22
7719,24,26,2014,23,7,0,7,0,1,3,2014-06-23 through 2014-06-29
7793,24,27,2014,28,4,0,4,0,2,1,2014-06-30 through 2014-07-06
7868,24,28,2014,22,1,1,1,1,0,1,2014-07-07 through 2014-07-13
7946,24,29,2014,28,3,1,3,1,2,0,2014-07-14 through 2014-07-20
8026,24,3,2014,23,5,1,5,1,0,4,2014-01-13 through 2014-01-19
8100,24,30,2014,8,3,0,7,0,1,0,2014-07-21 through 2014-07-27
8176,24,31,2014,29,4,0,4,0,1,1,2014-07-28 through 2014-08-03
8250,24,32,2014,13,3,0,4,0,1,1,2014-08-04 through 2014-08-10
8331,24,33,2014,13,1,0,1,0,1,0,2014-08-11 through 2014-08-17
8407,24,34,2014,19,5,0,6,0,2,1,2014-08-18 through 2014-08-24
8487,24,35,2014,20,7,0,7,0,2,4,2014-08-25 through 2014-08-31
8555,24,36,2014,19,4,1,6,1,1,2,2014-09-01 through 2014-09-07
8634,24,37,2014,15,3,0,3,0,0,3,2014-09-08 through 2014-09-14
8714,24,38,2014,22,2,0,2,0,0,2,2014-09-15 through 2014-09-21
8788,24,39,2014,16,4,0,4,0,1,1,2014-09-22 through 2014-09-28
8867,24,4,2014,19,3,0,3,0,0,2,2014-01-20 through 2014-01-26
8943,24,40,2014,16,4,0,4,0,0,3,2014-09-29 through 2014-10-05
9021,24,41,2014,21,5,0,8,0,3,0,2014-10-06 through 2014-10-12
9099,24,42,2014,19,5,0,7,0,3,4,2014-10-13 through 2014-10-19
9174,24,43,2014,28,4,0,4,0,0,2,2014-10-20 through 2014-10-26
9255,24,44,2014,18,2,0,3,0,0,0,2014-10-27 through 2014-11-02
9333,24,45,2014,20,4,0,4,0,0,3,2014-11-03 through 2014-11-09
9411,24,46,2014,23,4,0,4,0,1,2,2014-11-10 through 2014-11-16
9484,24,47,2014,25,3,0,3,0,0,2,2014-11-17 through 2014-11-23
9564,24,48,2014,21,4,0,4,0,0,3,2014-11-24 through 2014-11-30
9637,24,49,2014,21,7,0,7,0,0,5,2014-12-01 through 2014-12-07
9719,24,5,2014,18,3,0,3,0,0,2,2014-01-27 through 2014-02-02
9794,24,50,2014,16,1,0,1,0,0,1,2014-12-08 through 2014-12-14
9868,24,51,2014,35,4,0,4,0,1,2,2014-12-15 through 2014-12-21
9945,24,52,2014,10,2,0,2,0,0,1,2014-12-22 through 2014-12-28
10021,24,6,2014,21,3,0,3,0,1,2,2014-02-03 through 2014-02-09
10096,24,7,2014,17,3,0,3,0,0,1,2014-02-10 through 2014-02-16
10172,24,8,2014,22,10,0,11,0,1,6,2014-02-17 through 2014-02-23
10254,24,9,2014,12,0,0,0,0,0,0,2014-02-24 through 2014-03-02
10322,24,1,2015,11,4,0,5,0,0,2,2014-12-29 through 2015-01-04
10403,24,10,2015,20,4,0,5,0,0,1,2015-03-02 through 2015-03-08
10479,24,11,2015,25,3,0,7,0,0,0,2015-03-09 through 2015-03-15
10554,24,12,2015,12,3,0,4,0,0,0,2015-03-16 through 2015-03-22
10634,24,13,2015,21,0,0,0,0,0,0,2015-03-23 through 2015-03-29
10710,24,14,2015,18,3,0,4,0,0,1,2015-03-30 through 2015-04-05
10803,24,15,2015,20,1,0,1,0,0,1,2015-04-06 through 2015-04-12
10864,24,16,2015,11,3,0,3,0,0,0,2015-04-13 through 2015-04-19
10940,24,2,2015,27,5,0,7,0,0,3,2015-01-05 through 2015-01-11
11023,24,3,2015,18,1,0,1,0,0,1,2015-01-12 through 2015-01-18
11093,24,4,2015,14,2,0,3,0,0,0,2015-01-19 through 2015-01-25
11180,24,5,2015,17,4,0,4,0,1,3,2015-01-26 through 2015-02-01
11310,24,6,2015,22,5,0,10,0,0,2,2015-02-02 through 2015-02-08
11326,24,7,2015,29,7,0,10,0,0,4,2015-02-09 through 2015-02-15
11452,24,8,2015,21,1,0,1,0,1,0,2015-02-16 through 2015-02-22
11481,24,9,2015,14,3,0,4,0,0,0,2015-02-23 through 2015-03-01
