row_number,precinct,week,year,all_collisions,injury_collisions,fatal_collisions,injures,fatalities,cyclists_involved,pedestrians_involved,label
26,47,1,2012,12,3,0,3,0,0,1,2012-12-31 through 2013-01-06
107,47,26,2012,7,1,0,1,0,0,0,2012-06-25 through 2012-07-01
193,47,27,2012,71,12,0,21,0,1,1,2012-07-02 through 2012-07-08
266,47,28,2012,59,16,0,25,0,2,2,2012-07-09 through 2012-07-15
349,47,29,2012,58,11,0,20,0,0,3,2012-07-16 through 2012-07-22
446,47,30,2012,63,12,0,12,0,5,1,2012-07-23 through 2012-07-29
461,47,31,2012,52,8,0,16,0,0,1,2012-07-30 through 2012-08-05
602,47,32,2012,54,7,0,10,0,0,1,2012-08-06 through 2012-08-12
657,47,33,2012,57,12,0,17,0,1,3,2012-08-13 through 2012-08-19
702,47,34,2012,73,14,1,19,1,1,5,2012-08-20 through 2012-08-26
777,47,35,2012,72,15,1,20,1,3,2,2012-08-27 through 2012-09-02
860,47,36,2012,54,10,0,15,0,1,3,2012-09-03 through 2012-09-09
933,47,37,2012,55,10,0,21,0,2,3,2012-09-10 through 2012-09-16
1012,47,38,2012,56,9,0,13,0,0,4,2012-09-17 through 2012-09-23
1095,47,39,2012,52,8,0,13,0,0,1,2012-09-24 through 2012-09-30
1176,47,40,2012,62,11,0,17,0,0,4,2012-10-01 through 2012-10-07
1265,47,41,2012,59,11,0,14,0,0,2,2012-10-08 through 2012-10-14
1316,47,42,2012,54,11,0,16,0,1,5,2012-10-15 through 2012-10-21
1433,47,43,2012,50,11,1,15,1,0,2,2012-10-22 through 2012-10-28
1498,47,44,2012,45,4,0,5,0,0,1,2012-10-29 through 2012-11-04
1559,47,45,2012,75,9,0,9,0,2,1,2012-11-05 through 2012-11-11
1672,47,46,2012,41,7,0,8,0,2,4,2012-11-12 through 2012-11-18
1757,47,47,2012,46,13,0,22,0,0,4,2012-11-19 through 2012-11-25
1776,47,48,2012,56,16,0,21,0,1,6,2012-11-26 through 2012-12-02
1861,47,49,2012,60,8,0,13,0,0,2,2012-12-03 through 2012-12-09
1940,47,50,2012,61,12,0,15,0,0,2,2012-12-10 through 2012-12-16
2023,47,51,2012,47,8,0,12,0,0,4,2012-12-17 through 2012-12-23
2100,47,52,2012,56,14,0,20,0,0,4,2012-12-24 through 2012-12-30
2209,47,1,2013,15,0,0,0,0,0,0,2013-12-30 through 2014-01-05
2219,47,1,2013,53,16,1,28,1,0,9,2012-12-31 through 2013-01-06
2357,47,10,2013,77,16,0,18,0,0,6,2013-03-04 through 2013-03-10
2386,47,11,2013,61,9,0,9,0,0,6,2013-03-11 through 2013-03-17
2515,47,12,2013,57,8,0,9,0,0,3,2013-03-18 through 2013-03-24
2576,47,13,2013,48,11,0,19,0,0,3,2013-03-25 through 2013-03-31
2663,47,14,2013,54,14,0,23,0,1,4,2013-04-01 through 2013-04-07
2702,47,15,2013,50,10,0,13,0,0,2,2013-04-08 through 2013-04-14
2821,47,16,2013,47,7,0,9,0,0,3,2013-04-15 through 2013-04-21
2844,47,17,2013,54,8,0,9,0,0,3,2013-04-22 through 2013-04-28
2965,47,18,2013,51,8,0,12,0,0,3,2013-04-29 through 2013-05-05
3016,47,19,2013,62,17,0,28,0,0,5,2013-05-06 through 2013-05-12
3093,47,2,2013,70,9,0,19,0,0,1,2013-01-07 through 2013-01-13
3183,47,20,2013,67,14,0,21,0,0,6,2013-05-13 through 2013-05-19
3256,47,21,2013,59,10,0,17,0,0,3,2013-05-20 through 2013-05-26
3331,47,22,2013,67,14,0,19,0,2,3,2013-05-27 through 2013-06-02
3410,47,23,2013,69,15,0,18,0,0,7,2013-06-03 through 2013-06-09
3485,47,24,2013,59,8,1,14,1,1,1,2013-06-10 through 2013-06-16
3564,47,25,2013,46,9,0,11,0,0,2,2013-06-17 through 2013-06-23
3663,47,26,2013,45,9,1,9,1,0,3,2013-06-24 through 2013-06-30
3748,47,27,2013,72,18,0,26,0,1,3,2013-07-01 through 2013-07-07
3805,47,28,2013,65,11,0,16,0,0,1,2013-07-08 through 2013-07-14
3904,47,29,2013,57,14,0,22,0,0,2,2013-07-15 through 2013-07-21
3988,47,3,2013,52,7,0,9,0,0,2,2013-01-14 through 2013-01-20
4071,47,30,2013,45,9,0,18,0,1,0,2013-07-22 through 2013-07-28
4150,47,31,2013,67,6,0,11,0,0,1,2013-07-29 through 2013-08-04
4227,47,32,2013,56,16,0,23,0,2,5,2013-08-05 through 2013-08-11
4237,47,33,2013,53,11,0,20,0,1,3,2013-08-12 through 2013-08-18
4316,47,34,2013,47,9,0,14,0,1,1,2013-08-19 through 2013-08-25
4413,47,35,2013,53,15,0,25,0,0,6,2013-08-26 through 2013-09-01
4494,47,36,2013,54,15,0,17,0,2,2,2013-09-02 through 2013-09-08
4597,47,37,2013,56,13,0,21,0,1,4,2013-09-09 through 2013-09-15
4656,47,38,2013,68,16,0,22,0,2,3,2013-09-16 through 2013-09-22
4735,47,39,2013,56,12,0,17,0,1,2,2013-09-23 through 2013-09-29
4796,47,4,2013,48,2,0,4,0,0,0,2013-01-21 through 2013-01-27
4898,47,40,2013,55,18,0,22,0,1,5,2013-09-30 through 2013-10-06
4977,47,41,2013,44,8,0,8,0,0,4,2013-10-07 through 2013-10-13
5059,47,42,2013,68,18,0,22,0,1,6,2013-10-14 through 2013-10-20
5143,47,43,2013,41,14,0,31,0,0,6,2013-10-21 through 2013-10-27
5224,47,44,2013,47,7,1,10,1,0,1,2013-10-28 through 2013-11-03
5305,47,45,2013,54,13,0,21,0,0,5,2013-11-04 through 2013-11-10
5381,47,46,2013,62,17,1,22,1,1,6,2013-11-11 through 2013-11-17
5442,47,47,2013,51,11,0,13,0,0,2,2013-11-18 through 2013-11-24
5479,47,48,2013,59,12,0,21,0,0,2,2013-11-25 through 2013-12-01
5568,47,49,2013,50,15,0,23,0,1,5,2013-12-02 through 2013-12-08
5651,47,5,2013,51,4,0,5,0,0,2,2013-01-28 through 2013-02-03
5735,47,50,2013,56,8,0,10,0,0,3,2013-12-09 through 2013-12-15
5813,47,51,2013,50,9,0,16,0,0,2,2013-12-16 through 2013-12-22
5895,47,52,2013,59,12,0,15,0,0,3,2013-12-23 through 2013-12-29
5971,47,6,2013,84,12,0,17,0,0,3,2013-02-04 through 2013-02-10
6054,47,7,2013,52,12,0,17,0,0,3,2013-02-11 through 2013-02-17
6131,47,8,2013,49,16,0,32,0,0,4,2013-02-18 through 2013-02-24
6195,47,9,2013,51,11,0,13,0,0,2,2013-02-25 through 2013-03-03
6332,47,1,2014,15,3,0,5,0,0,0,2014-12-29 through 2015-01-04
6333,47,1,2014,33,4,0,8,0,0,0,2013-12-30 through 2014-01-05
6440,47,10,2014,45,10,0,29,0,0,2,2014-03-03 through 2014-03-09
6472,47,11,2014,53,9,0,18,0,0,4,2014-03-10 through 2014-03-16
6599,47,12,2014,52,8,0,10,0,0,3,2014-03-17 through 2014-03-23
6677,47,13,2014,54,12,0,17,0,0,4,2014-03-24 through 2014-03-30
6764,47,14,2014,43,9,0,10,0,1,2,2014-03-31 through 2014-04-06
6843,47,15,2014,51,11,0,12,0,0,2,2014-04-07 through 2014-04-13
6915,47,16,2014,48,12,0,17,0,0,2,2014-04-14 through 2014-04-20
6952,47,17,2014,42,7,0,7,0,0,6,2014-04-21 through 2014-04-27
7019,47,18,2014,46,8,0,11,0,0,1,2014-04-28 through 2014-05-04
7084,47,19,2014,68,9,0,10,0,1,2,2014-05-05 through 2014-05-11
7182,47,2,2014,65,12,0,14,0,0,3,2014-01-06 through 2014-01-12
7262,47,20,2014,63,14,0,21,0,0,1,2014-05-12 through 2014-05-18
7340,47,21,2014,53,14,0,17,0,0,5,2014-05-19 through 2014-05-25
7409,47,22,2014,60,18,0,28,0,1,7,2014-05-26 through 2014-06-01
7504,47,23,2014,52,13,0,18,0,0,2,2014-06-02 through 2014-06-08
7581,47,24,2014,56,18,0,34,0,2,3,2014-06-09 through 2014-06-15
7652,47,25,2014,63,12,0,24,0,0,2,2014-06-16 through 2014-06-22
7739,47,26,2014,83,12,0,20,0,2,5,2014-06-23 through 2014-06-29
7815,47,27,2014,65,7,0,16,0,0,1,2014-06-30 through 2014-07-06
7854,47,28,2014,60,8,0,13,0,0,1,2014-07-07 through 2014-07-13
7983,47,29,2014,58,9,0,10,0,1,1,2014-07-14 through 2014-07-20
8057,47,3,2014,57,9,0,16,0,0,3,2014-01-13 through 2014-01-19
8147,47,30,2014,54,13,0,16,0,0,3,2014-07-21 through 2014-07-27
8233,47,31,2014,48,9,0,14,0,0,3,2014-07-28 through 2014-08-03
8299,47,32,2014,49,10,0,16,0,0,3,2014-08-04 through 2014-08-10
8332,47,33,2014,61,10,0,12,0,1,0,2014-08-11 through 2014-08-17
8397,47,34,2014,53,10,0,15,0,1,2,2014-08-18 through 2014-08-24
8496,47,35,2014,44,14,0,16,0,0,4,2014-08-25 through 2014-08-31
8557,47,36,2014,65,16,0,22,0,0,3,2014-09-01 through 2014-09-07
8622,47,37,2014,65,12,0,18,0,1,3,2014-09-08 through 2014-09-14
8731,47,38,2014,56,8,0,13,0,0,2,2014-09-15 through 2014-09-21
8805,47,39,2014,79,22,1,32,1,3,4,2014-09-22 through 2014-09-28
8884,47,4,2014,82,15,0,23,0,0,5,2014-01-20 through 2014-01-26
8967,47,40,2014,53,13,0,20,0,1,2,2014-09-29 through 2014-10-05
9035,47,41,2014,52,11,0,17,0,0,2,2014-10-06 through 2014-10-12
9125,47,42,2014,60,14,0,19,0,0,5,2014-10-13 through 2014-10-19
9209,47,43,2014,53,13,0,16,0,2,2,2014-10-20 through 2014-10-26
9302,47,44,2014,51,10,0,18,0,1,1,2014-10-27 through 2014-11-02
9384,47,45,2014,43,11,0,16,0,0,3,2014-11-03 through 2014-11-09
9461,47,46,2014,70,18,0,28,0,2,2,2014-11-10 through 2014-11-16
9482,47,47,2014,60,14,0,22,0,0,6,2014-11-17 through 2014-11-23
9546,47,48,2014,56,10,0,15,0,0,5,2014-11-24 through 2014-11-30
9649,47,49,2014,55,14,0,19,0,0,3,2014-12-01 through 2014-12-07
9706,47,5,2014,52,10,0,12,0,0,2,2014-01-27 through 2014-02-02
9809,47,50,2014,68,19,0,29,0,0,10,2014-12-08 through 2014-12-14
9886,47,51,2014,63,16,0,21,0,0,9,2014-12-15 through 2014-12-21
9961,47,52,2014,40,6,0,6,0,0,5,2014-12-22 through 2014-12-28
10038,47,6,2014,64,9,0,10,0,0,5,2014-02-03 through 2014-02-09
10127,47,7,2014,92,9,0,11,0,0,4,2014-02-10 through 2014-02-16
10194,47,8,2014,67,5,0,6,0,0,2,2014-02-17 through 2014-02-23
10245,47,9,2014,65,14,0,18,0,0,2,2014-02-24 through 2014-03-02
10354,47,1,2015,19,6,1,7,1,0,3,2014-12-29 through 2015-01-04
10432,47,10,2015,107,9,0,15,0,0,1,2015-03-02 through 2015-03-08
10509,47,11,2015,62,13,0,24,0,0,7,2015-03-09 through 2015-03-15
10598,47,12,2015,51,11,0,15,0,0,0,2015-03-16 through 2015-03-22
10684,47,13,2015,52,9,0,10,0,2,3,2015-03-23 through 2015-03-29
10755,47,14,2015,62,17,0,22,0,1,6,2015-03-30 through 2015-04-05
10848,47,15,2015,68,15,0,26,0,2,1,2015-04-06 through 2015-04-12
10893,47,16,2015,9,1,0,1,0,0,1,2015-04-13 through 2015-04-19
10954,47,2,2015,67,11,0,15,0,0,2,2015-01-05 through 2015-01-11
11054,47,3,2015,86,16,0,22,0,0,4,2015-01-12 through 2015-01-18
11111,47,4,2015,67,7,0,7,0,0,4,2015-01-19 through 2015-01-25
11223,47,5,2015,57,9,0,13,0,0,3,2015-01-26 through 2015-02-01
11268,47,6,2015,64,15,0,23,0,0,5,2015-02-02 through 2015-02-08
11356,47,7,2015,69,9,0,13,0,0,4,2015-02-09 through 2015-02-15
11423,47,8,2015,69,9,0,11,0,0,4,2015-02-16 through 2015-02-22
11505,47,9,2015,60,8,0,13,0,0,2,2015-02-23 through 2015-03-01
