row_number,precinct,week,year,all_collisions,injury_collisions,fatal_collisions,injures,fatalities,cyclists_involved,pedestrians_involved,label
12,66,1,2012,7,1,0,1,0,0,1,2012-12-31 through 2013-01-06
135,66,26,2012,4,0,0,0,0,0,0,2012-06-25 through 2012-07-01
211,66,27,2012,53,13,0,15,0,3,2,2012-07-02 through 2012-07-08
230,66,28,2012,56,13,0,15,0,1,3,2012-07-09 through 2012-07-15
303,66,29,2012,41,7,0,7,0,2,2,2012-07-16 through 2012-07-22
442,66,30,2012,38,14,0,17,0,3,4,2012-07-23 through 2012-07-29
465,66,31,2012,33,10,0,11,0,2,2,2012-07-30 through 2012-08-05
550,66,32,2012,47,9,0,9,0,2,2,2012-08-06 through 2012-08-12
619,66,33,2012,42,10,0,11,0,2,3,2012-08-13 through 2012-08-19
704,66,34,2012,40,8,0,10,0,3,3,2012-08-20 through 2012-08-26
789,66,35,2012,52,9,0,10,0,4,1,2012-08-27 through 2012-09-02
864,66,36,2012,56,11,0,16,0,3,4,2012-09-03 through 2012-09-09
949,66,37,2012,58,12,0,13,0,5,2,2012-09-10 through 2012-09-16
1018,66,38,2012,37,12,1,16,1,3,2,2012-09-17 through 2012-09-23
1105,66,39,2012,41,9,0,15,0,1,5,2012-09-24 through 2012-09-30
1196,66,40,2012,40,14,0,14,0,0,9,2012-10-01 through 2012-10-07
1287,66,41,2012,54,13,0,14,0,2,5,2012-10-08 through 2012-10-14
1354,66,42,2012,45,16,0,20,0,5,6,2012-10-15 through 2012-10-21
1449,66,43,2012,54,12,0,14,0,0,8,2012-10-22 through 2012-10-28
1518,66,44,2012,40,6,0,6,0,2,2,2012-10-29 through 2012-11-04
1537,66,45,2012,54,10,0,15,0,2,5,2012-11-05 through 2012-11-11
1620,66,46,2012,74,15,0,18,0,2,5,2012-11-12 through 2012-11-18
1693,66,47,2012,51,11,0,18,0,1,5,2012-11-19 through 2012-11-25
1768,66,48,2012,55,12,0,12,0,3,5,2012-11-26 through 2012-12-02
1897,66,49,2012,61,14,0,17,0,1,6,2012-12-03 through 2012-12-09
1936,66,50,2012,51,11,0,11,0,4,2,2012-12-10 through 2012-12-16
2025,66,51,2012,55,15,0,18,0,2,4,2012-12-17 through 2012-12-23
2104,66,52,2012,57,16,0,28,0,0,8,2012-12-24 through 2012-12-30
2157,66,1,2013,44,12,0,16,0,0,3,2012-12-31 through 2013-01-06
2271,66,1,2013,14,6,0,8,0,0,1,2013-12-30 through 2014-01-05
2315,66,10,2013,58,13,1,16,1,3,5,2013-03-04 through 2013-03-10
2384,66,11,2013,45,7,0,7,0,0,2,2013-03-11 through 2013-03-17
2483,66,12,2013,60,13,0,14,0,3,6,2013-03-18 through 2013-03-24
2570,66,13,2013,30,5,0,6,0,1,1,2013-03-25 through 2013-03-31
2629,66,14,2013,36,10,0,13,0,1,6,2013-04-01 through 2013-04-07
2710,66,15,2013,57,15,0,18,0,2,10,2013-04-08 through 2013-04-14
2793,66,16,2013,54,16,0,22,0,1,6,2013-04-15 through 2013-04-21
2900,66,17,2013,49,15,0,19,0,2,8,2013-04-22 through 2013-04-28
2953,66,18,2013,52,10,0,11,0,3,5,2013-04-29 through 2013-05-05
3030,66,19,2013,61,16,0,18,0,3,2,2013-05-06 through 2013-05-12
3115,66,2,2013,70,21,0,23,0,1,10,2013-01-07 through 2013-01-13
3156,66,20,2013,40,16,0,18,0,3,10,2013-05-13 through 2013-05-19
3289,66,21,2013,56,17,0,26,0,2,7,2013-05-20 through 2013-05-26
3356,66,22,2013,58,14,0,15,0,2,5,2013-05-27 through 2013-06-02
3437,66,23,2013,52,14,0,18,0,3,4,2013-06-03 through 2013-06-09
3508,66,24,2013,63,20,0,30,0,3,12,2013-06-10 through 2013-06-16
3593,66,25,2013,65,15,0,19,0,3,7,2013-06-17 through 2013-06-23
3662,66,26,2013,33,6,0,10,0,1,1,2013-06-24 through 2013-06-30
3717,66,27,2013,47,11,1,12,1,3,3,2013-07-01 through 2013-07-07
3796,66,28,2013,38,8,0,8,0,0,4,2013-07-08 through 2013-07-14
3847,66,29,2013,47,12,0,15,0,0,4,2013-07-15 through 2013-07-21
3944,66,3,2013,40,8,0,8,0,1,3,2013-01-14 through 2013-01-20
4053,66,30,2013,41,10,0,15,0,2,2,2013-07-22 through 2013-07-28
4102,66,31,2013,46,16,0,18,0,4,3,2013-07-29 through 2013-08-04
4185,66,32,2013,53,15,0,16,0,3,8,2013-08-05 through 2013-08-11
4254,66,33,2013,56,14,0,16,0,2,3,2013-08-12 through 2013-08-18
4323,66,34,2013,42,8,0,11,0,3,1,2013-08-19 through 2013-08-25
4388,66,35,2013,51,14,0,14,0,3,8,2013-08-26 through 2013-09-01
4467,66,36,2013,49,8,0,9,0,5,1,2013-09-02 through 2013-09-08
4570,66,37,2013,63,22,0,25,0,3,8,2013-09-09 through 2013-09-15
4637,66,38,2013,53,10,0,14,0,0,5,2013-09-16 through 2013-09-22
4726,66,39,2013,26,2,0,2,0,1,1,2013-09-23 through 2013-09-29
4815,66,4,2013,55,15,1,16,1,2,10,2013-01-21 through 2013-01-27
4890,66,40,2013,59,13,0,16,0,4,4,2013-09-30 through 2013-10-06
4951,66,41,2013,54,12,0,15,0,3,3,2013-10-07 through 2013-10-13
5044,66,42,2013,52,18,0,21,0,6,5,2013-10-14 through 2013-10-20
5083,66,43,2013,58,13,1,22,1,3,5,2013-10-21 through 2013-10-27
5182,66,44,2013,49,7,0,7,0,1,2,2013-10-28 through 2013-11-03
5251,66,45,2013,64,12,0,14,0,1,4,2013-11-04 through 2013-11-10
5314,66,46,2013,53,14,0,15,0,4,6,2013-11-11 through 2013-11-17
5419,66,47,2013,63,15,0,18,0,0,8,2013-11-18 through 2013-11-24
5476,66,48,2013,74,17,0,21,0,2,10,2013-11-25 through 2013-12-01
5561,66,49,2013,59,15,0,17,0,2,8,2013-12-02 through 2013-12-08
5622,66,5,2013,57,7,0,9,0,1,3,2013-01-28 through 2013-02-03
5725,66,50,2013,70,13,0,16,0,2,4,2013-12-09 through 2013-12-15
5814,66,51,2013,67,9,0,10,0,1,2,2013-12-16 through 2013-12-22
5886,66,52,2013,53,15,0,21,0,1,5,2013-12-23 through 2013-12-29
5961,66,6,2013,57,17,0,22,0,0,6,2013-02-04 through 2013-02-10
6034,66,7,2013,42,10,0,10,0,0,6,2013-02-11 through 2013-02-17
6113,66,8,2013,49,8,0,8,0,0,1,2013-02-18 through 2013-02-24
6211,66,9,2013,47,13,0,16,0,5,2,2013-02-25 through 2013-03-03
6281,66,1,2014,35,7,0,8,0,0,4,2013-12-30 through 2014-01-05
6289,66,1,2014,25,4,0,5,0,0,2,2014-12-29 through 2015-01-04
6418,66,10,2014,55,14,0,23,0,1,9,2014-03-03 through 2014-03-09
6498,66,11,2014,62,13,0,14,0,1,6,2014-03-10 through 2014-03-16
6592,66,12,2014,72,9,0,12,0,0,5,2014-03-17 through 2014-03-23
6671,66,13,2014,48,11,0,11,0,2,6,2014-03-24 through 2014-03-30
6738,66,14,2014,62,9,0,10,0,3,3,2014-03-31 through 2014-04-06
6806,66,15,2014,67,15,0,15,0,2,4,2014-04-07 through 2014-04-13
6895,66,16,2014,38,9,0,11,0,2,4,2014-04-14 through 2014-04-20
6977,66,17,2014,48,13,0,13,0,5,3,2014-04-21 through 2014-04-27
7052,66,18,2014,66,17,0,21,0,2,10,2014-04-28 through 2014-05-04
7125,66,19,2014,55,7,1,7,1,2,2,2014-05-05 through 2014-05-11
7199,66,2,2014,55,10,0,11,0,0,5,2014-01-06 through 2014-01-12
7285,66,20,2014,62,12,0,13,0,0,5,2014-05-12 through 2014-05-18
7368,66,21,2014,51,10,1,12,1,4,3,2014-05-19 through 2014-05-25
7443,66,22,2014,53,8,1,12,1,1,4,2014-05-26 through 2014-06-01
7511,66,23,2014,40,13,0,16,0,4,4,2014-06-02 through 2014-06-08
7610,66,24,2014,60,14,0,18,0,2,7,2014-06-09 through 2014-06-15
7689,66,25,2014,62,11,0,13,0,2,3,2014-06-16 through 2014-06-22
7770,66,26,2014,49,14,0,20,0,2,9,2014-06-23 through 2014-06-29
7826,66,27,2014,52,8,0,8,0,6,2,2014-06-30 through 2014-07-06
7860,66,28,2014,56,8,0,13,0,2,4,2014-07-07 through 2014-07-13
7943,66,29,2014,56,7,1,12,1,5,3,2014-07-14 through 2014-07-20
8022,66,3,2014,59,11,0,14,0,2,1,2014-01-13 through 2014-01-19
8104,66,30,2014,47,7,0,8,0,2,2,2014-07-21 through 2014-07-27
8191,66,31,2014,62,9,0,13,0,1,2,2014-07-28 through 2014-08-03
8258,66,32,2014,31,2,0,2,0,1,0,2014-08-04 through 2014-08-10
8349,66,33,2014,43,12,0,15,0,4,2,2014-08-11 through 2014-08-17
8423,66,34,2014,48,11,0,12,0,2,1,2014-08-18 through 2014-08-24
8505,66,35,2014,60,10,0,23,0,1,4,2014-08-25 through 2014-08-31
8583,66,36,2014,66,7,0,7,0,1,4,2014-09-01 through 2014-09-07
8656,66,37,2014,68,10,0,15,0,0,5,2014-09-08 through 2014-09-14
8701,66,38,2014,55,13,0,15,0,2,3,2014-09-15 through 2014-09-21
8820,66,39,2014,53,10,0,12,0,0,4,2014-09-22 through 2014-09-28
8904,66,4,2014,69,13,0,14,0,0,6,2014-01-20 through 2014-01-26
8970,66,40,2014,61,17,0,20,0,1,10,2014-09-29 through 2014-10-05
9070,66,41,2014,45,10,0,14,0,1,6,2014-10-06 through 2014-10-12
9156,66,42,2014,42,7,0,10,0,1,5,2014-10-13 through 2014-10-19
9226,66,43,2014,63,9,0,11,0,2,2,2014-10-20 through 2014-10-26
9245,66,44,2014,60,12,0,13,0,1,6,2014-10-27 through 2014-11-02
9326,66,45,2014,52,8,0,8,0,3,4,2014-11-03 through 2014-11-09
9409,66,46,2014,54,11,0,11,0,4,5,2014-11-10 through 2014-11-16
9468,66,47,2014,54,11,0,13,0,1,5,2014-11-17 through 2014-11-23
9570,66,48,2014,56,10,0,15,0,2,3,2014-11-24 through 2014-11-30
9651,66,49,2014,73,13,1,17,1,3,6,2014-12-01 through 2014-12-07
9700,66,5,2014,57,10,0,12,0,1,8,2014-01-27 through 2014-02-02
9811,66,50,2014,59,14,0,17,0,2,6,2014-12-08 through 2014-12-14
9882,66,51,2014,57,17,0,25,0,2,6,2014-12-15 through 2014-12-21
9957,66,52,2014,55,6,0,9,0,0,4,2014-12-22 through 2014-12-28
10044,66,6,2014,52,5,0,7,0,0,1,2014-02-03 through 2014-02-09
10125,66,7,2014,71,9,0,11,0,0,6,2014-02-10 through 2014-02-16
10165,66,8,2014,45,4,0,6,0,0,0,2014-02-17 through 2014-02-23
10288,66,9,2014,59,8,0,15,0,0,4,2014-02-24 through 2014-03-02
10330,66,1,2015,24,8,0,8,0,2,4,2014-12-29 through 2015-01-04
10409,66,10,2015,70,2,0,2,0,0,0,2015-03-02 through 2015-03-08
10500,66,11,2015,50,10,0,11,0,2,3,2015-03-09 through 2015-03-15
10560,66,12,2015,55,12,0,12,0,3,6,2015-03-16 through 2015-03-22
10623,66,13,2015,68,7,0,8,0,1,4,2015-03-23 through 2015-03-29
10731,66,14,2015,48,11,0,12,0,1,5,2015-03-30 through 2015-04-05
10813,66,15,2015,41,8,0,8,0,0,8,2015-04-06 through 2015-04-12
10888,66,16,2015,17,4,0,7,0,0,2,2015-04-13 through 2015-04-19
10962,66,2,2015,66,10,2,11,2,1,9,2015-01-05 through 2015-01-11
11009,66,3,2015,53,11,0,14,0,0,6,2015-01-12 through 2015-01-18
11132,66,4,2015,63,9,0,9,0,0,5,2015-01-19 through 2015-01-25
11173,66,5,2015,49,2,0,4,0,1,0,2015-01-26 through 2015-02-01
11266,66,6,2015,75,10,0,13,0,1,5,2015-02-02 through 2015-02-08
11347,66,7,2015,50,9,0,13,0,2,4,2015-02-09 through 2015-02-15
11428,66,8,2015,68,14,0,19,0,0,4,2015-02-16 through 2015-02-22
11510,66,9,2015,44,3,0,3,0,0,1,2015-02-23 through 2015-03-01
