row_number,precinct,week,year,all_collisions,injury_collisions,fatal_collisions,injures,fatalities,cyclists_involved,pedestrians_involved,label
69,110,1,2012,7,2,0,2,0,0,0,2012-12-31 through 2013-01-06
143,110,26,2012,7,1,0,2,0,0,0,2012-06-25 through 2012-07-01
220,110,27,2012,52,13,0,15,0,1,2,2012-07-02 through 2012-07-08
297,110,28,2012,43,6,0,11,0,0,2,2012-07-09 through 2012-07-15
373,110,29,2012,60,16,0,18,0,0,3,2012-07-16 through 2012-07-22
452,110,30,2012,58,15,0,19,0,2,3,2012-07-23 through 2012-07-29
529,110,31,2012,55,10,0,11,0,2,4,2012-07-30 through 2012-08-05
606,110,32,2012,57,19,0,26,0,3,5,2012-08-06 through 2012-08-12
683,110,33,2012,52,10,0,14,0,0,5,2012-08-13 through 2012-08-19
760,110,34,2012,55,16,0,23,0,5,3,2012-08-20 through 2012-08-26
837,110,35,2012,53,19,0,21,0,4,2,2012-08-27 through 2012-09-02
913,110,36,2012,67,20,0,28,0,5,5,2012-09-03 through 2012-09-09
991,110,37,2012,40,10,0,11,0,3,1,2012-09-10 through 2012-09-16
1067,110,38,2012,37,7,0,9,0,0,3,2012-09-17 through 2012-09-23
1144,110,39,2012,54,17,0,25,0,1,8,2012-09-24 through 2012-09-30
1221,110,40,2012,47,16,0,30,0,2,3,2012-10-01 through 2012-10-07
1299,110,41,2012,61,14,0,18,0,1,4,2012-10-08 through 2012-10-14
1376,110,42,2012,58,11,1,11,1,1,7,2012-10-15 through 2012-10-21
1454,110,43,2012,44,6,0,7,0,0,3,2012-10-22 through 2012-10-28
1531,110,44,2012,46,12,0,15,0,5,3,2012-10-29 through 2012-11-04
1608,110,45,2012,59,16,0,21,0,2,3,2012-11-05 through 2012-11-11
1685,110,46,2012,79,22,0,27,0,6,3,2012-11-12 through 2012-11-18
1762,110,47,2012,74,11,0,14,0,2,3,2012-11-19 through 2012-11-25
1838,110,48,2012,67,18,0,23,0,4,3,2012-11-26 through 2012-12-02
1915,110,49,2012,70,11,0,16,0,0,3,2012-12-03 through 2012-12-09
1994,110,50,2012,56,14,0,19,0,2,3,2012-12-10 through 2012-12-16
2071,110,51,2012,66,19,0,28,0,4,5,2012-12-17 through 2012-12-23
2148,110,52,2012,51,9,0,13,0,0,7,2012-12-24 through 2012-12-30
2292,110,1,2013,45,8,0,10,0,0,5,2012-12-31 through 2013-01-06
2294,110,1,2013,12,2,0,2,0,0,1,2013-12-30 through 2014-01-05
2374,110,10,2013,48,6,0,13,0,0,3,2013-03-04 through 2013-03-10
2452,110,11,2013,52,9,0,9,0,2,1,2013-03-11 through 2013-03-17
2529,110,12,2013,51,13,0,17,0,1,3,2013-03-18 through 2013-03-24
2606,110,13,2013,51,7,0,9,0,1,0,2013-03-25 through 2013-03-31
2683,110,14,2013,39,7,1,11,1,1,1,2013-04-01 through 2013-04-07
2760,110,15,2013,48,13,0,16,0,2,5,2013-04-08 through 2013-04-14
2837,110,16,2013,36,8,0,11,0,1,2,2013-04-15 through 2013-04-21
2913,110,17,2013,56,11,1,16,1,0,7,2013-04-22 through 2013-04-28
2990,110,18,2013,55,15,0,18,0,3,7,2013-04-29 through 2013-05-05
3067,110,19,2013,64,11,0,14,0,1,4,2013-05-06 through 2013-05-12
3145,110,2,2013,43,14,0,14,0,0,6,2013-01-07 through 2013-01-13
3221,110,20,2013,47,9,0,9,0,1,3,2013-05-13 through 2013-05-19
3298,110,21,2013,50,14,0,31,0,2,2,2013-05-20 through 2013-05-26
3376,110,22,2013,60,18,0,21,0,1,3,2013-05-27 through 2013-06-02
3453,110,23,2013,52,9,0,14,0,0,3,2013-06-03 through 2013-06-09
3530,110,24,2013,60,14,0,20,0,1,5,2013-06-10 through 2013-06-16
3608,110,25,2013,57,14,0,17,0,3,2,2013-06-17 through 2013-06-23
3684,110,26,2013,50,12,0,13,0,3,3,2013-06-24 through 2013-06-30
3762,110,27,2013,58,11,0,15,0,1,2,2013-07-01 through 2013-07-07
3837,110,28,2013,56,13,0,18,0,3,1,2013-07-08 through 2013-07-14
3914,110,29,2013,53,5,0,5,0,0,2,2013-07-15 through 2013-07-21
3991,110,3,2013,49,14,0,15,0,1,4,2013-01-14 through 2013-01-20
4070,110,30,2013,67,18,0,27,0,1,6,2013-07-22 through 2013-07-28
4145,110,31,2013,67,16,0,24,0,2,2,2013-07-29 through 2013-08-04
4224,110,32,2013,47,10,0,10,0,4,1,2013-08-05 through 2013-08-11
4301,110,33,2013,51,11,0,16,0,2,4,2013-08-12 through 2013-08-18
4378,110,34,2013,68,9,0,10,0,1,3,2013-08-19 through 2013-08-25
4456,110,35,2013,38,12,0,18,0,1,8,2013-08-26 through 2013-09-01
4532,110,36,2013,52,7,1,8,1,1,3,2013-09-02 through 2013-09-08
4608,110,37,2013,60,13,1,22,1,1,5,2013-09-09 through 2013-09-15
4685,110,38,2013,51,11,0,14,0,1,5,2013-09-16 through 2013-09-22
4760,110,39,2013,53,8,0,10,0,0,3,2013-09-23 through 2013-09-29
4837,110,4,2013,57,9,0,14,0,0,3,2013-01-21 through 2013-01-27
4915,110,40,2013,54,11,0,15,0,3,3,2013-09-30 through 2013-10-06
4994,110,41,2013,63,9,0,11,0,0,7,2013-10-07 through 2013-10-13
5071,110,42,2013,38,9,0,12,0,3,2,2013-10-14 through 2013-10-20
5148,110,43,2013,60,11,0,17,0,1,3,2013-10-21 through 2013-10-27
5225,110,44,2013,48,10,0,12,0,1,3,2013-10-28 through 2013-11-03
5302,110,45,2013,61,13,1,14,1,0,5,2013-11-04 through 2013-11-10
5378,110,46,2013,57,8,1,9,2,1,5,2013-11-11 through 2013-11-17
5457,110,47,2013,69,12,0,17,0,2,5,2013-11-18 through 2013-11-24
5532,110,48,2013,69,16,0,19,0,0,12,2013-11-25 through 2013-12-01
5610,110,49,2013,54,20,0,26,0,1,7,2013-12-02 through 2013-12-08
5687,110,5,2013,56,15,0,19,0,1,4,2013-01-28 through 2013-02-03
5765,110,50,2013,59,10,0,13,0,0,6,2013-12-09 through 2013-12-15
5844,110,51,2013,64,7,0,7,0,1,4,2013-12-16 through 2013-12-22
5920,110,52,2013,46,7,0,10,0,2,1,2013-12-23 through 2013-12-29
5997,110,6,2013,48,10,0,11,0,0,4,2013-02-04 through 2013-02-10
6072,110,7,2013,40,12,0,17,0,0,5,2013-02-11 through 2013-02-17
6148,110,8,2013,52,7,0,9,0,1,6,2013-02-18 through 2013-02-24
6227,110,9,2013,55,11,0,17,0,0,7,2013-02-25 through 2013-03-03
6366,110,1,2014,31,3,0,3,0,1,0,2013-12-30 through 2014-01-05
6367,110,1,2014,24,8,0,10,0,1,4,2014-12-29 through 2015-01-04
6451,110,10,2014,44,5,0,6,0,0,0,2014-03-03 through 2014-03-09
6528,110,11,2014,48,10,0,12,0,3,3,2014-03-10 through 2014-03-16
6604,110,12,2014,48,3,0,3,0,2,0,2014-03-17 through 2014-03-23
6684,110,13,2014,43,4,0,5,0,0,1,2014-03-24 through 2014-03-30
6761,110,14,2014,51,11,0,17,0,2,2,2014-03-31 through 2014-04-06
6839,110,15,2014,52,8,0,9,0,1,3,2014-04-07 through 2014-04-13
6917,110,16,2014,41,7,0,8,0,1,0,2014-04-14 through 2014-04-20
6988,110,17,2014,48,9,0,11,0,0,3,2014-04-21 through 2014-04-27
7068,110,18,2014,49,11,0,13,0,1,6,2014-04-28 through 2014-05-04
7142,110,19,2014,49,8,0,12,0,1,4,2014-05-05 through 2014-05-11
7222,110,2,2014,46,7,0,8,0,0,5,2014-01-06 through 2014-01-12
7297,110,20,2014,60,8,0,10,0,1,6,2014-05-12 through 2014-05-18
7374,110,21,2014,56,9,0,9,0,1,4,2014-05-19 through 2014-05-25
7449,110,22,2014,55,10,0,12,0,1,4,2014-05-26 through 2014-06-01
7526,110,23,2014,56,12,0,17,0,2,3,2014-06-02 through 2014-06-08
7604,110,24,2014,53,7,1,8,1,1,3,2014-06-09 through 2014-06-15
7683,110,25,2014,58,7,0,10,0,0,2,2014-06-16 through 2014-06-22
7760,110,26,2014,79,18,0,31,0,3,3,2014-06-23 through 2014-06-29
7837,110,27,2014,61,11,0,15,0,0,4,2014-06-30 through 2014-07-06
7916,110,28,2014,54,11,0,11,0,3,5,2014-07-07 through 2014-07-13
7990,110,29,2014,44,6,0,7,0,0,2,2014-07-14 through 2014-07-20
8069,110,3,2014,65,14,0,17,0,3,5,2014-01-13 through 2014-01-19
8148,110,30,2014,68,14,0,17,0,6,1,2014-07-21 through 2014-07-27
8222,110,31,2014,65,15,1,23,2,3,1,2014-07-28 through 2014-08-03
8304,110,32,2014,57,9,0,9,0,1,3,2014-08-04 through 2014-08-10
8380,110,33,2014,64,10,0,10,0,0,4,2014-08-11 through 2014-08-17
8458,110,34,2014,52,14,0,19,0,2,5,2014-08-18 through 2014-08-24
8534,110,35,2014,49,10,0,19,0,2,4,2014-08-25 through 2014-08-31
8608,110,36,2014,70,10,0,11,0,2,3,2014-09-01 through 2014-09-07
8685,110,37,2014,55,10,0,15,0,2,3,2014-09-08 through 2014-09-14
8762,110,38,2014,67,6,0,7,0,1,0,2014-09-15 through 2014-09-21
8834,110,39,2014,39,8,0,9,0,3,1,2014-09-22 through 2014-09-28
8912,110,4,2014,65,8,0,9,0,0,4,2014-01-20 through 2014-01-26
8992,110,40,2014,50,9,1,14,1,1,1,2014-09-29 through 2014-10-05
9072,110,41,2014,46,11,0,14,0,1,2,2014-10-06 through 2014-10-12
9146,110,42,2014,55,15,0,21,0,2,7,2014-10-13 through 2014-10-19
9225,110,43,2014,38,7,0,11,0,1,0,2014-10-20 through 2014-10-26
9303,110,44,2014,57,9,0,9,0,1,2,2014-10-27 through 2014-11-02
9381,110,45,2014,58,16,1,23,1,2,11,2014-11-03 through 2014-11-09
9457,110,46,2014,52,8,0,17,0,2,2,2014-11-10 through 2014-11-16
9537,110,47,2014,58,15,0,20,0,1,4,2014-11-17 through 2014-11-23
9611,110,48,2014,44,3,0,6,0,0,1,2014-11-24 through 2014-11-30
9687,110,49,2014,66,19,0,24,0,1,9,2014-12-01 through 2014-12-07
9763,110,5,2014,50,11,0,19,0,0,11,2014-01-27 through 2014-02-02
9845,110,50,2014,70,16,0,20,0,3,5,2014-12-08 through 2014-12-14
9922,110,51,2014,58,10,0,16,0,0,2,2014-12-15 through 2014-12-21
10000,110,52,2014,70,11,0,16,0,0,2,2014-12-22 through 2014-12-28
10075,110,6,2014,61,11,0,12,0,0,5,2014-02-03 through 2014-02-09
10151,110,7,2014,51,9,0,12,0,1,2,2014-02-10 through 2014-02-16
10229,110,8,2014,47,12,0,14,0,0,2,2014-02-17 through 2014-02-23
10307,110,9,2014,50,8,0,16,0,0,4,2014-02-24 through 2014-03-02
10376,110,1,2015,33,7,0,8,0,1,3,2014-12-29 through 2015-01-04
10452,110,10,2015,58,8,0,11,0,2,2,2015-03-02 through 2015-03-08
10529,110,11,2015,58,9,0,19,0,1,6,2015-03-09 through 2015-03-15
10602,110,12,2015,49,7,0,7,0,0,3,2015-03-16 through 2015-03-22
10682,110,13,2015,44,5,0,5,0,0,1,2015-03-23 through 2015-03-29
10754,110,14,2015,42,10,0,12,0,2,5,2015-03-30 through 2015-04-05
10837,110,15,2015,45,5,0,7,0,1,0,2015-04-06 through 2015-04-12
10909,110,16,2015,16,3,0,4,0,0,2,2015-04-13 through 2015-04-19
10991,110,2,2015,61,12,0,15,0,1,5,2015-01-05 through 2015-01-11
11073,110,3,2015,51,14,0,21,0,0,3,2015-01-12 through 2015-01-18
11142,110,4,2015,46,9,0,11,0,0,2,2015-01-19 through 2015-01-25
11226,110,5,2015,43,6,0,6,0,0,3,2015-01-26 through 2015-02-01
11308,110,6,2015,61,7,0,7,0,1,4,2015-02-02 through 2015-02-08
11381,110,7,2015,40,10,0,11,0,2,0,2015-02-09 through 2015-02-15
11459,110,8,2015,47,6,1,6,1,0,6,2015-02-16 through 2015-02-22
11538,110,9,2015,40,6,0,6,0,0,3,2015-02-23 through 2015-03-01
