row_number,precinct,week,year,all_collisions,injury_collisions,fatal_collisions,injures,fatalities,cyclists_involved,pedestrians_involved,label
56,61,1,2012,14,4,0,4,0,0,3,2012-12-31 through 2013-01-06
121,61,26,2012,10,3,0,3,0,0,1,2012-06-25 through 2012-07-01
199,61,27,2012,54,7,0,10,0,1,1,2012-07-02 through 2012-07-08
282,61,28,2012,53,10,0,15,0,2,4,2012-07-09 through 2012-07-15
363,61,29,2012,52,11,1,13,1,2,5,2012-07-16 through 2012-07-22
448,61,30,2012,50,8,0,11,0,2,2,2012-07-23 through 2012-07-29
457,61,31,2012,49,13,0,18,0,2,2,2012-07-30 through 2012-08-05
542,61,32,2012,66,12,0,14,0,2,3,2012-08-06 through 2012-08-12
623,61,33,2012,36,7,0,7,0,2,0,2012-08-13 through 2012-08-19
716,61,34,2012,68,9,0,13,0,1,4,2012-08-20 through 2012-08-26
779,61,35,2012,61,18,0,23,0,4,6,2012-08-27 through 2012-09-02
862,61,36,2012,66,15,0,18,0,1,5,2012-09-03 through 2012-09-09
927,61,37,2012,77,23,0,29,0,1,8,2012-09-10 through 2012-09-16
1016,61,38,2012,50,18,0,21,0,1,8,2012-09-17 through 2012-09-23
1091,61,39,2012,52,18,0,28,0,1,5,2012-09-24 through 2012-09-30
1172,61,40,2012,50,17,0,21,0,1,7,2012-10-01 through 2012-10-07
1271,61,41,2012,68,18,0,25,0,3,5,2012-10-08 through 2012-10-14
1360,61,42,2012,66,13,0,16,0,2,1,2012-10-15 through 2012-10-21
1385,61,43,2012,69,17,0,21,0,1,7,2012-10-22 through 2012-10-28
1512,61,44,2012,44,9,0,11,0,0,4,2012-10-29 through 2012-11-04
1575,61,45,2012,58,12,0,23,0,1,6,2012-11-05 through 2012-11-11
1682,61,46,2012,80,13,0,16,0,1,5,2012-11-12 through 2012-11-18
1755,61,47,2012,64,17,1,23,1,2,9,2012-11-19 through 2012-11-25
1830,61,48,2012,64,12,0,12,0,0,8,2012-11-26 through 2012-12-02
1845,61,49,2012,74,15,0,23,0,1,6,2012-12-03 through 2012-12-09
1944,61,50,2012,53,12,0,17,0,1,6,2012-12-10 through 2012-12-16
2017,61,51,2012,51,12,1,23,1,0,6,2012-12-17 through 2012-12-23
2130,61,52,2012,86,30,1,36,1,0,17,2012-12-24 through 2012-12-30
2241,61,1,2013,24,3,0,3,0,0,1,2013-12-30 through 2014-01-05
2253,61,1,2013,52,14,1,22,3,1,9,2012-12-31 through 2013-01-06
2369,61,10,2013,67,20,0,26,0,1,9,2013-03-04 through 2013-03-10
2446,61,11,2013,55,14,0,16,0,1,4,2013-03-11 through 2013-03-17
2467,61,12,2013,61,13,1,17,1,1,6,2013-03-18 through 2013-03-24
2548,61,13,2013,53,11,0,12,0,0,3,2013-03-25 through 2013-03-31
2627,61,14,2013,53,11,0,11,0,1,6,2013-04-01 through 2013-04-07
2698,61,15,2013,52,9,0,11,0,0,2,2013-04-08 through 2013-04-14
2805,61,16,2013,48,7,0,10,0,1,1,2013-04-15 through 2013-04-21
2862,61,17,2013,55,19,0,27,0,1,10,2013-04-22 through 2013-04-28
2935,61,18,2013,65,25,0,41,0,4,5,2013-04-29 through 2013-05-05
3022,61,19,2013,56,16,0,20,0,1,6,2013-05-06 through 2013-05-12
3103,61,2,2013,75,17,0,20,0,3,7,2013-01-07 through 2013-01-13
3166,61,20,2013,53,6,0,9,0,1,2,2013-05-13 through 2013-05-19
3259,61,21,2013,64,19,0,24,0,3,5,2013-05-20 through 2013-05-26
3338,61,22,2013,59,14,0,21,0,1,4,2013-05-27 through 2013-06-02
3413,61,23,2013,72,14,0,19,0,2,5,2013-06-03 through 2013-06-09
3492,61,24,2013,66,10,0,11,0,2,2,2013-06-10 through 2013-06-16
3587,61,25,2013,61,11,0,17,0,2,3,2013-06-17 through 2013-06-23
3658,61,26,2013,47,13,0,24,0,3,4,2013-06-24 through 2013-06-30
3737,61,27,2013,61,13,0,20,0,0,4,2013-07-01 through 2013-07-07
3814,61,28,2013,55,10,0,11,0,1,2,2013-07-08 through 2013-07-14
3859,61,29,2013,71,15,0,18,0,3,2,2013-07-15 through 2013-07-21
3958,61,3,2013,65,10,0,17,0,1,5,2013-01-14 through 2013-01-20
4033,61,30,2013,43,11,1,19,1,1,5,2013-07-22 through 2013-07-28
4112,61,31,2013,47,8,0,8,0,0,4,2013-07-29 through 2013-08-04
4177,61,32,2013,61,11,0,19,0,2,3,2013-08-05 through 2013-08-11
4232,61,33,2013,50,14,0,24,0,1,3,2013-08-12 through 2013-08-18
4327,61,34,2013,46,13,1,17,1,2,2,2013-08-19 through 2013-08-25
4402,61,35,2013,54,11,0,16,0,1,3,2013-08-26 through 2013-09-01
4493,61,36,2013,47,12,0,17,0,0,4,2013-09-02 through 2013-09-08
4554,61,37,2013,73,12,0,15,0,1,5,2013-09-09 through 2013-09-15
4621,61,38,2013,54,13,0,17,0,1,2,2013-09-16 through 2013-09-22
4708,61,39,2013,44,12,0,14,0,1,4,2013-09-23 through 2013-09-29
4799,61,4,2013,55,12,0,15,0,1,4,2013-01-21 through 2013-01-27
4870,61,40,2013,62,16,0,24,0,3,7,2013-09-30 through 2013-10-06
4937,61,41,2013,45,4,0,4,0,0,1,2013-10-07 through 2013-10-13
5018,61,42,2013,51,18,0,22,0,2,6,2013-10-14 through 2013-10-20
5141,61,43,2013,69,12,0,13,0,1,3,2013-10-21 through 2013-10-27
5191,61,44,2013,53,11,0,11,0,3,4,2013-10-28 through 2013-11-03
5264,61,45,2013,76,19,0,36,0,2,4,2013-11-04 through 2013-11-10
5343,61,46,2013,50,13,0,16,0,1,5,2013-11-11 through 2013-11-17
5443,61,47,2013,62,12,0,18,0,1,2,2013-11-18 through 2013-11-24
5477,61,48,2013,73,16,1,32,1,1,6,2013-11-25 through 2013-12-01
5564,61,49,2013,75,18,0,21,0,2,10,2013-12-02 through 2013-12-08
5637,61,5,2013,69,7,0,9,0,0,3,2013-01-28 through 2013-02-03
5764,61,50,2013,54,12,0,14,0,0,4,2013-12-09 through 2013-12-15
5838,61,51,2013,76,17,0,23,0,2,9,2013-12-16 through 2013-12-22
5856,61,52,2013,52,13,1,17,1,1,7,2013-12-23 through 2013-12-29
5965,61,6,2013,63,15,0,16,0,2,6,2013-02-04 through 2013-02-10
6046,61,7,2013,68,12,0,13,0,1,4,2013-02-11 through 2013-02-17
6125,61,8,2013,45,16,0,21,0,1,8,2013-02-18 through 2013-02-24
6209,61,9,2013,66,11,0,15,0,0,3,2013-02-25 through 2013-03-03
6372,61,1,2014,16,3,0,4,0,0,2,2014-12-29 through 2015-01-04
6375,61,1,2014,27,2,0,3,0,0,0,2013-12-30 through 2014-01-05
6460,61,10,2014,62,10,0,12,0,0,4,2014-03-03 through 2014-03-09
6530,61,11,2014,52,16,0,24,0,0,10,2014-03-10 through 2014-03-16
6559,61,12,2014,59,14,2,17,2,1,11,2014-03-17 through 2014-03-23
6644,61,13,2014,59,9,0,11,0,1,6,2014-03-24 through 2014-03-30
6711,61,14,2014,71,11,0,13,0,0,7,2014-03-31 through 2014-04-06
6796,61,15,2014,73,16,0,23,0,0,6,2014-04-07 through 2014-04-13
6878,61,16,2014,45,9,0,13,0,1,2,2014-04-14 through 2014-04-20
6928,61,17,2014,58,15,1,18,1,2,6,2014-04-21 through 2014-04-27
7005,61,18,2014,77,15,0,18,0,0,4,2014-04-28 through 2014-05-04
7116,61,19,2014,78,18,0,25,0,1,7,2014-05-05 through 2014-05-11
7198,61,2,2014,60,13,0,17,0,2,5,2014-01-06 through 2014-01-12
7279,61,20,2014,70,12,0,19,0,2,2,2014-05-12 through 2014-05-18
7351,61,21,2014,63,10,0,15,0,1,5,2014-05-19 through 2014-05-25
7431,61,22,2014,65,13,0,14,0,3,5,2014-05-26 through 2014-06-01
7510,61,23,2014,63,12,0,12,0,1,4,2014-06-02 through 2014-06-08
7576,61,24,2014,63,14,0,20,0,1,4,2014-06-09 through 2014-06-15
7675,61,25,2014,63,15,0,18,0,4,7,2014-06-16 through 2014-06-22
7756,61,26,2014,67,18,2,27,2,2,8,2014-06-23 through 2014-06-29
7831,61,27,2014,40,15,0,17,0,2,6,2014-06-30 through 2014-07-06
7917,61,28,2014,54,8,0,14,0,3,1,2014-07-07 through 2014-07-13
8001,61,29,2014,41,10,0,11,0,1,2,2014-07-14 through 2014-07-20
8076,61,3,2014,61,11,0,11,0,1,5,2014-01-13 through 2014-01-19
8095,61,30,2014,51,16,0,19,0,1,5,2014-07-21 through 2014-07-27
8172,61,31,2014,59,14,0,17,0,2,5,2014-07-28 through 2014-08-03
8251,61,32,2014,61,17,0,21,0,5,5,2014-08-04 through 2014-08-10
8316,61,33,2014,51,6,1,7,1,2,3,2014-08-11 through 2014-08-17
8408,61,34,2014,43,11,0,13,0,2,3,2014-08-18 through 2014-08-24
8498,61,35,2014,44,5,1,5,1,0,4,2014-08-25 through 2014-08-31
8567,61,36,2014,48,17,0,24,0,1,1,2014-09-01 through 2014-09-07
8651,61,37,2014,55,17,0,23,0,5,4,2014-09-08 through 2014-09-14
8733,61,38,2014,61,14,0,21,0,3,4,2014-09-15 through 2014-09-21
8807,61,39,2014,50,4,0,6,0,0,0,2014-09-22 through 2014-09-28
8887,61,4,2014,65,9,0,10,0,0,4,2014-01-20 through 2014-01-26
8931,61,40,2014,63,13,0,17,0,1,5,2014-09-29 through 2014-10-05
9049,61,41,2014,50,9,0,11,0,4,2,2014-10-06 through 2014-10-12
9138,61,42,2014,53,9,0,11,0,1,6,2014-10-13 through 2014-10-19
9215,61,43,2014,52,4,0,7,0,1,0,2014-10-20 through 2014-10-26
9283,61,44,2014,63,9,0,9,0,2,4,2014-10-27 through 2014-11-02
9385,61,45,2014,57,12,0,21,0,2,2,2014-11-03 through 2014-11-09
9459,61,46,2014,64,7,0,9,0,0,4,2014-11-10 through 2014-11-16
9476,61,47,2014,63,15,0,16,0,1,11,2014-11-17 through 2014-11-23
9557,61,48,2014,52,11,0,16,0,0,7,2014-11-24 through 2014-11-30
9641,61,49,2014,58,16,0,19,0,0,9,2014-12-01 through 2014-12-07
9718,61,5,2014,62,8,0,9,0,1,3,2014-01-27 through 2014-02-02
9806,61,50,2014,64,20,0,33,0,1,13,2014-12-08 through 2014-12-14
9881,61,51,2014,68,21,0,25,0,1,13,2014-12-15 through 2014-12-21
9931,61,52,2014,53,13,0,22,0,0,4,2014-12-22 through 2014-12-28
10042,61,6,2014,62,5,0,5,0,1,2,2014-02-03 through 2014-02-09
10121,61,7,2014,53,3,0,5,0,0,1,2014-02-10 through 2014-02-16
10195,61,8,2014,48,9,0,13,0,0,4,2014-02-17 through 2014-02-23
10280,61,9,2014,54,11,0,12,0,0,8,2014-02-24 through 2014-03-02
10384,61,1,2015,17,3,0,4,0,0,2,2014-12-29 through 2015-01-04
10465,61,10,2015,68,10,0,13,0,1,2,2015-03-02 through 2015-03-08
10516,61,11,2015,67,11,0,17,0,2,3,2015-03-09 through 2015-03-15
10553,61,12,2015,57,9,0,12,0,1,0,2015-03-16 through 2015-03-22
10638,61,13,2015,65,13,0,15,0,2,3,2015-03-23 through 2015-03-29
10698,61,14,2015,68,8,0,11,0,0,0,2015-03-30 through 2015-04-05
10795,61,15,2015,48,5,0,6,0,0,0,2015-04-06 through 2015-04-12
10877,61,16,2015,24,5,0,7,0,1,1,2015-04-13 through 2015-04-19
10963,61,2,2015,58,8,0,8,0,0,2,2015-01-05 through 2015-01-11
11075,61,3,2015,47,15,0,16,0,0,8,2015-01-12 through 2015-01-18
11112,61,4,2015,54,8,0,11,0,1,2,2015-01-19 through 2015-01-25
11186,61,5,2015,42,4,0,6,0,0,3,2015-01-26 through 2015-02-01
11262,61,6,2015,52,5,0,10,0,0,1,2015-02-02 through 2015-02-08
11351,61,7,2015,48,9,0,11,0,1,6,2015-02-09 through 2015-02-15
11424,61,8,2015,55,8,0,14,0,0,3,2015-02-16 through 2015-02-22
11494,61,9,2015,41,5,0,7,0,0,3,2015-02-23 through 2015-03-01
