row_number,precinct,week,year,all_collisions,injury_collisions,fatal_collisions,injures,fatalities,cyclists_involved,pedestrians_involved,label
68,60,1,2012,3,0,0,0,0,0,0,2012-12-31 through 2013-01-06
133,60,26,2012,13,1,0,1,0,1,0,2012-06-25 through 2012-07-01
217,60,27,2012,31,4,0,4,0,1,1,2012-07-02 through 2012-07-08
286,60,28,2012,21,5,0,5,0,3,1,2012-07-09 through 2012-07-15
309,60,29,2012,32,5,0,5,0,1,2,2012-07-16 through 2012-07-22
388,60,30,2012,35,9,0,9,0,1,5,2012-07-23 through 2012-07-29
473,60,31,2012,35,10,0,10,0,2,5,2012-07-30 through 2012-08-05
536,60,32,2012,35,8,0,9,0,0,3,2012-08-06 through 2012-08-12
631,60,33,2012,36,6,0,6,0,3,2,2012-08-13 through 2012-08-19
708,60,34,2012,30,8,0,13,0,2,2,2012-08-20 through 2012-08-26
791,60,35,2012,24,7,0,17,0,0,1,2012-08-27 through 2012-09-02
880,60,36,2012,20,4,0,5,0,0,1,2012-09-03 through 2012-09-09
945,60,37,2012,32,6,0,8,0,0,2,2012-09-10 through 2012-09-16
1032,60,38,2012,26,8,0,9,0,2,4,2012-09-17 through 2012-09-23
1135,60,39,2012,26,4,0,7,0,0,0,2012-09-24 through 2012-09-30
1184,60,40,2012,24,5,0,6,0,0,1,2012-10-01 through 2012-10-07
1279,60,41,2012,23,4,0,4,0,0,1,2012-10-08 through 2012-10-14
1374,60,42,2012,27,10,0,15,0,1,6,2012-10-15 through 2012-10-21
1445,60,43,2012,35,5,0,5,0,0,1,2012-10-22 through 2012-10-28
1502,60,44,2012,13,1,0,1,0,0,1,2012-10-29 through 2012-11-04
1593,60,45,2012,27,4,0,4,0,0,1,2012-11-05 through 2012-11-11
1624,60,46,2012,34,5,0,8,0,0,2,2012-11-12 through 2012-11-18
1743,60,47,2012,34,7,0,9,0,1,7,2012-11-19 through 2012-11-25
1766,60,48,2012,19,1,0,1,0,0,1,2012-11-26 through 2012-12-02
1863,60,49,2012,26,10,0,10,0,0,6,2012-12-03 through 2012-12-09
1948,60,50,2012,37,7,0,9,0,0,1,2012-12-10 through 2012-12-16
2027,60,51,2012,26,3,0,3,0,0,2,2012-12-17 through 2012-12-23
2112,60,52,2012,29,6,0,6,0,1,4,2012-12-24 through 2012-12-30
2155,60,1,2013,11,2,0,2,0,0,1,2013-12-30 through 2014-01-05
2281,60,1,2013,14,6,0,11,0,0,1,2012-12-31 through 2013-01-06
2313,60,10,2013,29,8,0,9,0,0,2,2013-03-04 through 2013-03-10
2396,60,11,2013,24,6,0,7,0,0,3,2013-03-11 through 2013-03-17
2481,60,12,2013,20,5,0,9,0,0,2,2013-03-18 through 2013-03-24
2536,60,13,2013,18,2,0,3,0,0,1,2013-03-25 through 2013-03-31
2625,60,14,2013,26,8,0,9,0,0,0,2013-04-01 through 2013-04-07
2712,60,15,2013,34,5,0,7,0,0,2,2013-04-08 through 2013-04-14
2787,60,16,2013,29,4,0,5,0,0,0,2013-04-15 through 2013-04-21
2878,60,17,2013,29,6,0,13,0,2,1,2013-04-22 through 2013-04-28
2963,60,18,2013,40,8,0,8,0,1,3,2013-04-29 through 2013-05-05
3058,60,19,2013,27,3,0,3,0,0,2,2013-05-06 through 2013-05-12
3083,60,2,2013,29,9,0,13,0,1,6,2013-01-07 through 2013-01-13
3184,60,20,2013,28,9,0,10,0,2,3,2013-05-13 through 2013-05-19
3265,60,21,2013,24,5,0,6,0,2,1,2013-05-20 through 2013-05-26
3308,60,22,2013,34,8,0,11,0,0,4,2013-05-27 through 2013-06-02
3425,60,23,2013,36,7,0,7,0,1,4,2013-06-03 through 2013-06-09
3516,60,24,2013,28,7,0,8,0,0,3,2013-06-10 through 2013-06-16
3537,60,25,2013,39,7,0,9,0,1,0,2013-06-17 through 2013-06-23
3626,60,26,2013,29,2,0,5,0,0,0,2013-06-24 through 2013-06-30
3741,60,27,2013,39,6,0,12,0,0,3,2013-07-01 through 2013-07-07
3770,60,28,2013,27,1,0,2,0,0,0,2013-07-08 through 2013-07-14
3849,60,29,2013,38,8,0,9,0,2,5,2013-07-15 through 2013-07-21
3956,60,3,2013,19,3,0,3,0,0,1,2013-01-14 through 2013-01-20
4039,60,30,2013,30,8,0,10,0,1,1,2013-07-22 through 2013-07-28
4094,60,31,2013,33,7,0,7,0,1,3,2013-07-29 through 2013-08-04
4183,60,32,2013,23,6,0,7,0,1,4,2013-08-05 through 2013-08-11
4238,60,33,2013,30,5,2,7,2,0,0,2013-08-12 through 2013-08-18
4337,60,34,2013,26,2,0,3,0,0,0,2013-08-19 through 2013-08-25
4418,60,35,2013,29,6,0,10,0,0,1,2013-08-26 through 2013-09-01
4509,60,36,2013,27,4,0,5,0,0,0,2013-09-02 through 2013-09-08
4564,60,37,2013,37,5,0,5,0,1,1,2013-09-09 through 2013-09-15
4633,60,38,2013,18,2,0,6,0,0,0,2013-09-16 through 2013-09-22
4728,60,39,2013,30,5,0,6,0,0,3,2013-09-23 through 2013-09-29
4795,60,4,2013,25,8,0,8,0,0,4,2013-01-21 through 2013-01-27
4911,60,40,2013,18,6,0,10,0,1,1,2013-09-30 through 2013-10-06
4962,60,41,2013,30,6,0,6,0,0,5,2013-10-07 through 2013-10-13
5039,60,42,2013,37,8,0,9,0,2,0,2013-10-14 through 2013-10-20
5118,60,43,2013,17,3,0,3,0,0,2,2013-10-21 through 2013-10-27
5189,60,44,2013,30,7,0,12,0,0,4,2013-10-28 through 2013-11-03
5244,60,45,2013,39,6,0,12,0,0,1,2013-11-04 through 2013-11-10
5325,60,46,2013,22,5,0,6,0,0,2,2013-11-11 through 2013-11-17
5386,60,47,2013,29,5,0,7,0,1,3,2013-11-18 through 2013-11-24
5536,60,48,2013,23,4,0,6,0,0,1,2013-11-25 through 2013-12-01
5603,60,49,2013,23,7,0,9,0,0,2,2013-12-02 through 2013-12-08
5631,60,5,2013,25,4,0,4,0,0,3,2013-01-28 through 2013-02-03
5742,60,50,2013,29,11,0,13,0,1,4,2013-12-09 through 2013-12-15
5812,60,51,2013,35,3,0,3,0,0,2,2013-12-16 through 2013-12-22
5898,60,52,2013,22,3,0,3,0,1,2,2013-12-23 through 2013-12-29
5975,60,6,2013,28,3,0,3,0,0,1,2013-02-04 through 2013-02-10
6050,60,7,2013,37,7,0,12,0,2,2,2013-02-11 through 2013-02-17
6079,60,8,2013,21,6,0,7,0,0,3,2013-02-18 through 2013-02-24
6212,60,9,2013,31,8,0,9,0,0,4,2013-02-25 through 2013-03-03
6253,60,1,2014,12,2,0,2,0,0,1,2014-12-29 through 2015-01-04
6345,60,1,2014,17,3,0,3,0,0,2,2013-12-30 through 2014-01-05
6407,60,10,2014,33,3,0,3,0,0,1,2014-03-03 through 2014-03-09
6492,60,11,2014,23,4,0,6,0,0,3,2014-03-10 through 2014-03-16
6612,60,12,2014,34,4,0,4,0,0,2,2014-03-17 through 2014-03-23
6660,60,13,2014,23,3,0,3,0,0,1,2014-03-24 through 2014-03-30
6737,60,14,2014,27,1,0,3,0,0,0,2014-03-31 through 2014-04-06
6814,60,15,2014,31,6,0,6,0,0,3,2014-04-07 through 2014-04-13
6896,60,16,2014,29,6,0,13,0,0,1,2014-04-14 through 2014-04-20
6971,60,17,2014,30,7,0,9,0,0,0,2014-04-21 through 2014-04-27
7048,60,18,2014,42,7,0,13,0,0,1,2014-04-28 through 2014-05-04
7122,60,19,2014,34,5,0,5,0,1,3,2014-05-05 through 2014-05-11
7169,60,2,2014,23,3,0,3,0,0,3,2014-01-06 through 2014-01-12
7289,60,20,2014,31,6,0,16,0,1,3,2014-05-12 through 2014-05-18
7365,60,21,2014,31,5,0,12,0,0,2,2014-05-19 through 2014-05-25
7445,60,22,2014,36,9,0,10,0,3,3,2014-05-26 through 2014-06-01
7515,60,23,2014,44,6,0,6,0,0,3,2014-06-02 through 2014-06-08
7603,60,24,2014,33,5,0,7,0,0,1,2014-06-09 through 2014-06-15
7692,60,25,2014,43,9,0,19,0,3,2,2014-06-16 through 2014-06-22
7771,60,26,2014,28,7,0,7,0,2,2,2014-06-23 through 2014-06-29
7841,60,27,2014,36,10,0,11,0,5,2,2014-06-30 through 2014-07-06
7866,60,28,2014,42,4,0,4,0,1,2,2014-07-07 through 2014-07-13
7944,60,29,2014,25,6,0,8,0,2,1,2014-07-14 through 2014-07-20
8004,60,3,2014,32,8,0,9,0,1,3,2014-01-13 through 2014-01-19
8094,60,30,2014,36,8,0,8,0,2,4,2014-07-21 through 2014-07-27
8181,60,31,2014,30,5,0,5,0,0,0,2014-07-28 through 2014-08-03
8268,60,32,2014,43,8,0,9,0,1,4,2014-08-04 through 2014-08-10
8354,60,33,2014,25,6,0,8,0,0,2,2014-08-11 through 2014-08-17
8431,60,34,2014,33,10,0,14,0,2,4,2014-08-18 through 2014-08-24
8516,60,35,2014,27,9,0,12,0,1,4,2014-08-25 through 2014-08-31
8582,60,36,2014,33,4,0,4,0,0,1,2014-09-01 through 2014-09-07
8662,60,37,2014,24,1,0,1,0,0,0,2014-09-08 through 2014-09-14
8739,60,38,2014,33,9,0,12,0,3,3,2014-09-15 through 2014-09-21
8825,60,39,2014,23,6,0,7,0,1,1,2014-09-22 through 2014-09-28
8901,60,4,2014,31,8,0,11,0,0,2,2014-01-20 through 2014-01-26
8993,60,40,2014,36,9,0,10,0,2,5,2014-09-29 through 2014-10-05
9075,60,41,2014,31,13,0,17,0,1,6,2014-10-06 through 2014-10-12
9155,60,42,2014,33,7,0,7,0,2,2,2014-10-13 through 2014-10-19
9220,60,43,2014,40,8,0,11,0,1,2,2014-10-20 through 2014-10-26
9250,60,44,2014,30,8,0,10,0,1,2,2014-10-27 through 2014-11-02
9332,60,45,2014,24,3,0,3,0,0,2,2014-11-03 through 2014-11-09
9406,60,46,2014,19,4,0,4,0,0,2,2014-11-10 through 2014-11-16
9487,60,47,2014,24,5,0,9,0,1,1,2014-11-17 through 2014-11-23
9581,60,48,2014,24,2,0,2,0,0,2,2014-11-24 through 2014-11-30
9646,60,49,2014,25,7,0,12,0,0,3,2014-12-01 through 2014-12-07
9704,60,5,2014,27,3,0,5,0,0,3,2014-01-27 through 2014-02-02
9814,60,50,2014,30,8,0,20,0,0,3,2014-12-08 through 2014-12-14
9889,60,51,2014,28,13,0,14,0,1,6,2014-12-15 through 2014-12-21
9965,60,52,2014,28,2,0,3,0,1,0,2014-12-22 through 2014-12-28
10045,60,6,2014,32,4,1,4,1,0,4,2014-02-03 through 2014-02-09
10116,60,7,2014,31,4,0,7,0,0,2,2014-02-10 through 2014-02-16
10205,60,8,2014,30,3,0,5,0,0,1,2014-02-17 through 2014-02-23
10292,60,9,2014,22,1,0,1,0,0,0,2014-02-24 through 2014-03-02
10325,60,1,2015,16,4,0,7,0,0,2,2014-12-29 through 2015-01-04
10397,60,10,2015,48,1,0,1,0,0,1,2015-03-02 through 2015-03-08
10493,60,11,2015,22,3,0,3,0,0,1,2015-03-09 through 2015-03-15
10552,60,12,2015,19,3,0,3,0,1,1,2015-03-16 through 2015-03-22
10657,60,13,2015,17,1,0,1,0,0,1,2015-03-23 through 2015-03-29
10730,60,14,2015,23,8,0,9,0,0,2,2015-03-30 through 2015-04-05
10806,60,15,2015,32,5,0,10,0,0,1,2015-04-06 through 2015-04-12
10886,60,16,2015,11,3,0,3,0,1,0,2015-04-13 through 2015-04-19
10971,60,2,2015,29,2,0,4,0,0,0,2015-01-05 through 2015-01-11
11027,60,3,2015,29,4,0,4,0,0,3,2015-01-12 through 2015-01-18
11125,60,4,2015,24,6,0,6,0,0,4,2015-01-19 through 2015-01-25
11191,60,5,2015,36,5,0,7,0,0,1,2015-01-26 through 2015-02-01
11272,60,6,2015,25,4,0,4,0,0,1,2015-02-02 through 2015-02-08
11342,60,7,2015,34,8,0,13,0,1,4,2015-02-09 through 2015-02-15
11434,60,8,2015,28,1,0,1,0,0,1,2015-02-16 through 2015-02-22
11521,60,9,2015,29,3,1,3,1,0,2,2015-02-23 through 2015-03-01
