row_number,precinct,week,year,all_collisions,injury_collisions,fatal_collisions,injures,fatalities,cyclists_involved,pedestrians_involved,label
28,62,1,2012,7,2,0,3,0,0,0,2012-12-31 through 2013-01-06
105,62,26,2012,6,2,0,4,0,0,2,2012-06-25 through 2012-07-01
189,62,27,2012,45,11,0,12,0,0,3,2012-07-02 through 2012-07-08
268,62,28,2012,64,15,0,31,0,3,5,2012-07-09 through 2012-07-15
305,62,29,2012,47,5,0,6,0,1,1,2012-07-16 through 2012-07-22
438,62,30,2012,38,7,0,11,0,0,1,2012-07-23 through 2012-07-29
521,62,31,2012,52,9,0,11,0,5,1,2012-07-30 through 2012-08-05
592,62,32,2012,57,12,1,22,1,1,6,2012-08-06 through 2012-08-12
679,62,33,2012,36,8,0,8,0,0,3,2012-08-13 through 2012-08-19
748,62,34,2012,37,1,0,1,0,0,1,2012-08-20 through 2012-08-26
765,62,35,2012,47,10,0,10,0,1,4,2012-08-27 through 2012-09-02
852,62,36,2012,51,9,0,13,0,3,4,2012-09-03 through 2012-09-09
925,62,37,2012,39,12,0,13,0,3,3,2012-09-10 through 2012-09-16
1002,62,38,2012,47,13,0,17,0,3,4,2012-09-17 through 2012-09-23
1085,62,39,2012,43,9,0,10,0,2,4,2012-09-24 through 2012-09-30
1164,62,40,2012,61,16,0,18,0,3,1,2012-10-01 through 2012-10-07
1261,62,41,2012,52,11,0,20,0,2,7,2012-10-08 through 2012-10-14
1344,62,42,2012,43,9,0,10,0,1,4,2012-10-15 through 2012-10-21
1421,62,43,2012,49,14,0,15,0,4,6,2012-10-22 through 2012-10-28
1488,62,44,2012,38,6,0,7,0,0,2,2012-10-29 through 2012-11-04
1595,62,45,2012,60,8,0,11,0,0,6,2012-11-05 through 2012-11-11
1666,62,46,2012,54,16,0,18,0,1,8,2012-11-12 through 2012-11-18
1745,62,47,2012,45,14,0,15,0,2,4,2012-11-19 through 2012-11-25
1812,62,48,2012,45,8,0,9,0,0,7,2012-11-26 through 2012-12-02
1911,62,49,2012,64,17,1,30,1,1,13,2012-12-03 through 2012-12-09
1924,62,50,2012,44,13,0,14,0,2,8,2012-12-10 through 2012-12-16
2051,62,51,2012,51,12,0,15,0,0,7,2012-12-17 through 2012-12-23
2084,62,52,2012,51,16,0,21,0,1,6,2012-12-24 through 2012-12-30
2213,62,1,2013,27,8,0,11,0,1,2,2012-12-31 through 2013-01-06
2287,62,1,2013,14,5,0,5,0,0,4,2013-12-30 through 2014-01-05
2353,62,10,2013,44,4,0,9,0,0,0,2013-03-04 through 2013-03-10
2398,62,11,2013,46,15,0,21,0,0,7,2013-03-11 through 2013-03-17
2509,62,12,2013,36,5,0,7,0,0,1,2013-03-18 through 2013-03-24
2584,62,13,2013,34,5,0,7,0,1,3,2013-03-25 through 2013-03-31
2639,62,14,2013,44,8,0,12,0,0,5,2013-04-01 through 2013-04-07
2742,62,15,2013,50,11,0,15,0,2,6,2013-04-08 through 2013-04-14
2809,62,16,2013,42,8,0,11,0,1,3,2013-04-15 through 2013-04-21
2850,62,17,2013,43,10,0,16,0,1,1,2013-04-22 through 2013-04-28
2973,62,18,2013,58,16,0,17,0,1,5,2013-04-29 through 2013-05-05
3018,62,19,2013,61,13,0,15,0,4,9,2013-05-06 through 2013-05-12
3111,62,2,2013,46,6,0,7,0,0,2,2013-01-07 through 2013-01-13
3212,62,20,2013,58,8,0,12,0,1,4,2013-05-13 through 2013-05-19
3279,62,21,2013,47,9,1,12,1,1,4,2013-05-20 through 2013-05-26
3332,62,22,2013,57,10,2,12,2,3,5,2013-05-27 through 2013-06-02
3403,62,23,2013,52,15,0,24,0,3,8,2013-06-03 through 2013-06-09
3486,62,24,2013,52,9,0,10,0,4,1,2013-06-10 through 2013-06-16
3579,62,25,2013,50,3,0,3,0,1,0,2013-06-17 through 2013-06-23
3640,62,26,2013,54,14,0,19,0,1,5,2013-06-24 through 2013-06-30
3723,62,27,2013,48,13,0,16,0,2,0,2013-07-01 through 2013-07-07
3798,62,28,2013,54,8,1,11,1,2,3,2013-07-08 through 2013-07-14
3891,62,29,2013,43,13,0,14,0,6,1,2013-07-15 through 2013-07-21
3960,62,3,2013,50,8,0,9,0,1,1,2013-01-14 through 2013-01-20
4037,62,30,2013,57,14,0,19,0,3,7,2013-07-22 through 2013-07-28
4130,62,31,2013,52,12,0,15,0,2,4,2013-07-29 through 2013-08-04
4175,62,32,2013,49,12,0,13,0,2,4,2013-08-05 through 2013-08-11
4282,62,33,2013,45,13,0,16,0,3,2,2013-08-12 through 2013-08-18
4359,62,34,2013,44,6,0,18,0,1,0,2013-08-19 through 2013-08-25
4412,62,35,2013,43,7,0,11,0,3,1,2013-08-26 through 2013-09-01
4481,62,36,2013,40,11,0,15,0,0,4,2013-09-02 through 2013-09-08
4546,62,37,2013,42,14,0,17,0,3,5,2013-09-09 through 2013-09-15
4661,62,38,2013,34,7,0,10,0,0,1,2013-09-16 through 2013-09-22
4716,62,39,2013,44,9,0,10,0,2,5,2013-09-23 through 2013-09-29
4769,62,4,2013,46,9,1,13,1,0,6,2013-01-21 through 2013-01-27
4886,62,40,2013,47,9,0,12,0,0,4,2013-09-30 through 2013-10-06
4935,62,41,2013,47,8,0,11,0,1,1,2013-10-07 through 2013-10-13
5034,62,42,2013,37,9,0,9,0,3,3,2013-10-14 through 2013-10-20
5103,62,43,2013,36,7,0,11,0,0,0,2013-10-21 through 2013-10-27
5188,62,44,2013,51,11,0,20,0,1,6,2013-10-28 through 2013-11-03
5269,62,45,2013,53,7,0,7,0,1,2,2013-11-04 through 2013-11-10
5368,62,46,2013,40,12,0,15,0,1,6,2013-11-11 through 2013-11-17
5422,62,47,2013,54,12,0,16,0,1,4,2013-11-18 through 2013-11-24
5499,62,48,2013,51,10,0,14,0,2,4,2013-11-25 through 2013-12-01
5611,62,49,2013,30,3,0,5,0,1,0,2013-12-02 through 2013-12-08
5690,62,5,2013,58,7,0,8,0,1,3,2013-01-28 through 2013-02-03
5763,62,50,2013,48,7,0,7,0,0,4,2013-12-09 through 2013-12-15
5777,62,51,2013,65,11,0,14,0,0,11,2013-12-16 through 2013-12-22
5866,62,52,2013,50,10,0,13,0,0,4,2013-12-23 through 2013-12-29
5933,62,6,2013,61,11,0,16,0,0,2,2013-02-04 through 2013-02-10
6028,62,7,2013,41,12,0,12,0,2,5,2013-02-11 through 2013-02-17
6135,62,8,2013,45,12,0,15,0,1,4,2013-02-18 through 2013-02-24
6219,62,9,2013,51,10,0,14,0,0,3,2013-02-25 through 2013-03-03
6347,62,1,2014,25,4,0,5,0,0,2,2014-12-29 through 2015-01-04
6353,62,1,2014,32,4,0,8,0,0,2,2013-12-30 through 2014-01-05
6449,62,10,2014,40,7,0,9,0,0,3,2014-03-03 through 2014-03-09
6525,62,11,2014,51,4,0,4,0,1,3,2014-03-10 through 2014-03-16
6608,62,12,2014,42,7,0,9,0,0,1,2014-03-17 through 2014-03-23
6692,62,13,2014,55,15,0,17,0,1,8,2014-03-24 through 2014-03-30
6768,62,14,2014,40,7,0,7,0,0,1,2014-03-31 through 2014-04-06
6828,62,15,2014,53,11,0,16,0,1,6,2014-04-07 through 2014-04-13
6849,62,16,2014,45,10,0,10,0,1,3,2014-04-14 through 2014-04-20
6954,62,17,2014,35,4,0,6,0,2,1,2014-04-21 through 2014-04-27
7017,62,18,2014,42,12,0,17,0,1,2,2014-04-28 through 2014-05-04
7102,62,19,2014,46,5,0,5,0,1,3,2014-05-05 through 2014-05-11
7181,62,2,2014,57,14,0,18,0,2,7,2014-01-06 through 2014-01-12
7264,62,20,2014,46,12,0,18,0,3,3,2014-05-12 through 2014-05-18
7315,62,21,2014,60,13,1,16,1,1,3,2014-05-19 through 2014-05-25
7422,62,22,2014,50,9,0,14,0,0,4,2014-05-26 through 2014-06-01
7505,62,23,2014,46,10,0,12,0,3,3,2014-06-02 through 2014-06-08
7580,62,24,2014,56,14,0,20,0,2,2,2014-06-09 through 2014-06-15
7657,62,25,2014,40,9,0,13,0,1,5,2014-06-16 through 2014-06-22
7743,62,26,2014,42,12,0,15,0,2,3,2014-06-23 through 2014-06-29
7817,62,27,2014,55,13,0,17,0,1,2,2014-06-30 through 2014-07-06
7889,62,28,2014,59,7,1,11,1,1,2,2014-07-07 through 2014-07-13
7974,62,29,2014,50,13,0,16,0,3,5,2014-07-14 through 2014-07-20
8063,62,3,2014,54,11,0,12,0,2,6,2014-01-13 through 2014-01-19
8152,62,30,2014,46,5,1,7,1,1,2,2014-07-21 through 2014-07-27
8221,62,31,2014,64,13,0,16,0,1,4,2014-07-28 through 2014-08-03
8306,62,32,2014,40,9,0,14,0,3,3,2014-08-04 through 2014-08-10
8382,62,33,2014,30,11,0,16,0,3,5,2014-08-11 through 2014-08-17
8399,62,34,2014,34,8,0,15,0,2,2,2014-08-18 through 2014-08-24
8486,62,35,2014,37,7,0,11,0,0,4,2014-08-25 through 2014-08-31
8545,62,36,2014,54,14,0,14,0,2,6,2014-09-01 through 2014-09-07
8640,62,37,2014,47,10,0,11,0,2,3,2014-09-08 through 2014-09-14
8727,62,38,2014,38,8,0,10,0,2,0,2014-09-15 through 2014-09-21
8797,62,39,2014,44,10,0,14,0,0,3,2014-09-22 through 2014-09-28
8855,62,4,2014,56,11,0,15,0,2,3,2014-01-20 through 2014-01-26
8960,62,40,2014,42,7,0,8,0,2,2,2014-09-29 through 2014-10-05
9033,62,41,2014,48,10,1,17,1,1,6,2014-10-06 through 2014-10-12
9117,62,42,2014,47,13,0,14,0,5,4,2014-10-13 through 2014-10-19
9198,62,43,2014,55,14,1,22,1,1,8,2014-10-20 through 2014-10-26
9235,62,44,2014,48,10,0,15,0,0,2,2014-10-27 through 2014-11-02
9359,62,45,2014,45,9,0,11,0,2,1,2014-11-03 through 2014-11-09
9451,62,46,2014,44,11,0,13,0,2,3,2014-11-10 through 2014-11-16
9521,62,47,2014,49,13,0,19,0,2,6,2014-11-17 through 2014-11-23
9604,62,48,2014,49,10,0,13,0,1,2,2014-11-24 through 2014-11-30
9693,62,49,2014,51,10,0,14,0,1,7,2014-12-01 through 2014-12-07
9772,62,5,2014,46,10,0,11,0,0,5,2014-01-27 through 2014-02-02
9829,62,50,2014,47,10,0,10,0,0,9,2014-12-08 through 2014-12-14
9860,62,51,2014,63,15,0,15,0,0,9,2014-12-15 through 2014-12-21
9943,62,52,2014,56,10,0,11,0,1,5,2014-12-22 through 2014-12-28
10010,62,6,2014,46,5,0,10,0,1,1,2014-02-03 through 2014-02-09
10100,62,7,2014,40,7,0,7,0,0,1,2014-02-10 through 2014-02-16
10191,62,8,2014,38,8,0,14,0,0,3,2014-02-17 through 2014-02-23
10268,62,9,2014,62,17,0,19,0,1,3,2014-02-24 through 2014-03-02
10356,62,1,2015,28,8,0,9,0,0,4,2014-12-29 through 2015-01-04
10449,62,10,2015,55,8,0,15,0,0,3,2015-03-02 through 2015-03-08
10523,62,11,2015,48,11,0,13,0,0,7,2015-03-09 through 2015-03-15
10606,62,12,2015,37,6,1,8,1,0,2,2015-03-16 through 2015-03-22
10697,62,13,2015,42,6,0,6,0,1,2,2015-03-23 through 2015-03-29
10764,62,14,2015,43,3,0,5,0,0,1,2015-03-30 through 2015-04-05
10776,62,15,2015,39,2,0,2,0,0,0,2015-04-06 through 2015-04-12
10863,62,16,2015,14,2,0,2,0,0,1,2015-04-13 through 2015-04-19
10957,62,2,2015,61,11,0,16,0,0,11,2015-01-05 through 2015-01-11
11064,62,3,2015,44,12,0,19,0,2,3,2015-01-12 through 2015-01-18
11105,62,4,2015,48,8,0,11,0,0,4,2015-01-19 through 2015-01-25
11233,62,5,2015,34,6,0,9,0,0,2,2015-01-26 through 2015-02-01
11254,62,6,2015,62,7,0,9,0,0,3,2015-02-02 through 2015-02-08
11336,62,7,2015,40,6,0,6,0,0,3,2015-02-09 through 2015-02-15
11411,62,8,2015,58,10,0,13,0,0,5,2015-02-16 through 2015-02-22
11495,62,9,2015,29,5,0,7,0,0,4,2015-02-23 through 2015-03-01
